702
0 543 388
493 269 291
462 297 170
216 252 151
306 307 5
378 9 175
125 701 222
446 666 154
313 275 411
161 425 35
499 487 191
316 353 427
0 634 68
0 332 309
192 60 222
533 350 29
255 701 206
397 612 122
433 6 271
213 202 24
201 39 77
68 260 107
0 433 418
11 10 268
642 701 137
552 640 66
0 589 224
615 192 295
299 507 118
679 545 241
333 693 232
448 419 210
209 557 1
545 629 374
596 66 455
435 497 255
0 628 261
617 393 378
692 154 51
583 701 288
598 238 53
0 26 316
272 701 256
450 383 144
48 558 315
127 570 189
628 62 164
681 265 212
492 701 394
79 524 239
682 178 423
73 581 374
690 676 99
61 160 120
558 304 412
239 126 446
131 449 308
655 7 418
623 408 147
240 465 188
171 1 199
0 498 430
616 145 314
37 521 374
544 701 130
406 568 195
324 534 175
6 493 170
46 374 334
0 678 367
573 291 33
365 124 142
152 86 86
524 104 168
570 701 403
530 701 213
516 537 159
463 477 118
675 701 13
585 292 111
58 228 209
123 140 242
53 73 357
597 701 70
541 420 356
348 377 433
59 404 256
211 302 317
0 142 79
604 18 412
196 359 426
143 638 330
356 386 55
619 532 21
72 107 93
0 98 55
140 701 81
549 597 229
600 177 235
683 701 341
606 176 72
234 418 164
85 538 96
595 548 215
481 484 424
421 701 244
390 701 184
173 430 60
665 287 54
102 464 114
165 539 220
396 49 45
550 273 229
423 351 455
218 701 434
621 132 387
250 259 227
241 701 208
120 184 340
153 593 121
317 99 16
278 630 278
0 333 255
295 338 437
326 635 169
0 331 309
151 327 364
531 696 132
41 395 161
0 345 191
631 504 416
217 624 232
618 28 142
633 451 225
82 83 384
0 247 68
547 417 391
551 701 260
122 602 342
664 486 254
461 209 292
590 11 296
358 325 304
145 385 325
38 573 373
0 369 402
644 694 345
660 52 77
302 701 391
337 540 312
149 582 149
485 701 307
368 119 31
54 203 200
638 237 353
242 354 95
288 139 432
138 402 394
426 585 258
653 286 361
361 303 346
349 76 164
343 701 214
431 622 442
134 285 88
172 699 229
307 542 356
372 257 91
587 301 375
484 281 407
697 92 287
311 516 455
654 471 63
315 267 127
180 280 14
400 114 88
674 380 441
379 701 261
281 613 232
3 502 381
170 211 246
364 701 410
5 308 227
511 485 256
434 531 39
268 427 413
225 488 399
202 363 408
456 450 287
688 117 351
132 701 84
452 499 327
588 414 334
375 527 131
0 161 184
0 251 35
0 106 393
117 234 403
95 336 352
320 611 419
369 322 120
274 89 329
512 518 428
535 701 114
106 314 159
503 701 388
260 594 21
672 397 113
405 701 309
92 337 109
100 64 443
0 147 63
502 313 283
291 686 162
119 562 13
488 274 55
517 170 321
422 522 2
55 306 384
36 456 193
2 701 35
395 391 226
257 398 370
223 221 74
0 3 273
673 555 141
401 633 385
259 701 293
42 169 226
592 77 71
163 446 388
0 448 223
536 298 84
107 675 135
589 159 106
346 157 150
700 213 41
183 15 411
25 352 19
478 108 80
398 701 442
158 366 379
436 87 151
607 375 235
0 182 325
0 44 179
314 110 19
602 621 243
300 679 128
605 533 291
185 458 185
409 246 395
110 645 8
31 17 454
86 326 407
0 189 347
387 668 170
472 452 277
374 180 329
410 701 56
609 256 16
0 23 233
579 223 289
43 324 429
449 347 135
244 669 455
622 598 261
612 134 51
411 277 292
39 576 249
51 603 74
591 384 421
0 382 104
0 172 439
148 323 161
330 135 5
402 67 240
215 158 223
266 619 248
168 701 439
133 320 441
264 227 124
636 544 206
608 503 375
0 270 303
437 656 407
568 701 58
562 70 451
678 300 141
354 218 141
471 701 369
695 644 243
686 479 270
543 577 346
221 37 163
289 579 250
270 22 337
206 164 443
494 683 253
245 233 110
0 51 306
443 129 120
645 411 157
537 121 426
322 43 449
0 409 282
233 389 104
373 244 294
353 309 255
0 459 178
362 155 444
189 689 268
0 560 127
685 249 346
325 605 36
367 680 55
571 163 155
696 241 313
0 439 353
269 457 35
0 57 196
407 505 216
542 691 21
178 283 71
304 137 298
413 348 387
341 349 81
334 42 156
103 113 226
522 600 40
0 61 103
0 8 85
689 55 205
0 609 144
28 650 412
563 212 46
404 500 30
0 632 231
78 151 267
12 701 328
105 343 74
249 701 174
186 208 447
416 599 223
23 245 248
527 379 365
663 224 120
34 561 181
0 282 150
331 556 298
118 279 454
345 523 182
22 473 150
0 316 71
89 436 313
188 289 116
507 682 78
501 554 10
20 207 97
296 701 217
582 592 426
235 5 119
137 406 150
363 429 121
265 25 40
520 681 222
475 405 78
0 415 314
169 355 428
518 478 412
342 235 351
693 528 388
262 102 145
228 175 98
236 701 436
0 394 344
557 575 408
565 701 327
490 220 124
191 623 451
508 388 438
560 330 313
238 187 142
159 490 187
480 701 213
624 401 358
293 701 29
319 460 211
275 201 384
130 701 327
659 13 359
305 441 66
237 205 43
635 116 435
162 701 301
0 590 264
83 492 343
229 641 327
572 584 74
0 663 187
88 580 48
310 335 34
0 647 26
0 156 201
96 552 46
27 604 331
0 392 246
219 90 397
676 410 259
658 204 436
247 615 207
336 701 317
460 620 360
164 339 389
271 32 236
383 2 256
0 149 398
26 153 215
63 489 396
0 19 436
65 318 40
0 101 404
14 642 112
385 35 154
121 91 28
267 94 114
135 653 236
4 701 82
129 701 219
0 179 357
90 434 133
377 501 381
523 59 293
491 701 312
0 188 97
0 109 13
0 310 344
76 271 275
529 93 455
391 670 27
52 115 294
208 69 226
0 564 378
486 506 87
139 368 126
0 243 343
69 701 318
290 608 195
473 514 293
321 133 359
150 639 162
328 407 434
457 357 190
156 317 87
49 143 223
424 549 183
282 21 122
18 701 457
71 20 77
351 370 21
285 701 59
308 701 107
199 701 397
442 701 167
430 574 316
142 148 331
564 550 265
253 470 56
8 396 282
17 442 70
514 24 296
625 701 178
468 80 262
338 45 264
417 587 169
101 219 326
381 174 5
256 214 257
0 230 382
0 660 17
154 222 412
555 236 202
519 210 298
203 701 192
525 701 315
584 631 23
0 482 257
466 296 362
243 181 318
329 701 228
224 29 146
476 141 64
44 447 140
440 701 235
108 654 317
84 444 378
114 82 240
577 36 284
212 614 195
141 673 29
458 517 43
167 30 72
680 194 318
19 311 200
553 225 371
261 701 127
87 701 232
641 400 356
574 515 197
626 701 451
603 509 382
81 68 122
1 697 131
323 687 221
0 152 152
382 215 46
627 586 11
50 344 61
567 525 432
578 658 285
380 262 11
104 491 202
56 455 312
204 546 369
0 71 38
111 72 232
425 469 151
669 567 375
47 685 162
556 422 101
13 610 125
586 272 74
0 432 170
198 46 318
652 47 258
214 166 331
629 443 110
521 701 311
251 341 63
332 529 121
432 412 172
399 198 66
0 75 448
392 495 349
691 701 33
0 315 131
0 56 89
0 356 15
276 421 434
445 701 211
294 376 193
0 519 253
45 416 95
301 242 180
0 695 433
303 701 442
470 701 350
510 253 181
126 193 10
40 617 42
666 701 307
97 513 9
0 381 3
175 671 311
298 701 57
124 266 207
0 239 70
548 466 209
0 399 310
483 701 211
647 358 118
64 136 348
174 667 258
429 701 425
414 625 381
453 701 95
93 684 175
668 138 289
232 475 56
0 226 455
312 342 400
509 74 69
0 472 288
99 677 153
29 79 170
513 125 207
197 78 9
0 413 412
227 231 74
252 321 449
489 130 99
0 431 102
109 541 4
632 200 84
620 424 287
359 701 281
444 299 190
526 648 70
57 512 438
639 618 231
182 319 403
482 387 114
593 454 272
254 378 342
504 167 381
15 701 18
575 31 169
637 199 272
35 367 398
360 701 141
60 474 267
33 688 85
576 701 384
408 183 157
177 530 10
193 607 42
327 27 321
651 701 241
599 162 221
67 535 454
662 445 310
610 95 50
0 53 418
376 195 183
388 701 153
667 112 302
447 520 57
258 361 113
335 16 103
230 254 457
415 34 343
601 665 347
0 216 246
0 664 296
487 206 442
195 65 322
646 701 194
160 38 182
428 701 50
200 103 406
670 128 415
441 646 247
112 340 330
643 58 402
469 40 424
222 290 274
194 701 38
0 144 225
698 240 240
684 510 345
116 190 406
649 264 145
9 146 2
648 566 60
246 659 159
496 284 61
0 165 207
634 48 36
136 701 452
24 54 419
144 295 403
0 553 196
370 571 246
0 616 81
166 657 207
318 123 404
77 372 281
273 111 25
10 601 158
371 12 221
464 655 423
355 701 112
0 423 184
554 636 68
611 390 132
0 288 46
498 150 265
339 701 78
94 595 216
155 258 261
205 701 198
539 700 385
439 643 311
280 651 347
534 637 286
474 88 386
80 463 59
559 701 315
0 674 27
671 360 253
566 701 206
0 171 98
181 312 60
581 437 251
497 698 231
403 438 213
70 565 20
656 127 136
515 701 291
147 365 253
30 329 248
538 536 248
284 494 242
344 588 51
277 364 268
226 185 299
630 701 194
505 248 349
0 461 424
0 328 158
0 41 314
0 118 341
287 4 2
540 480 199
66 649 419
580 701 345
594 662 449
0 294 162
297 250 206
393 428 266
347 453 274
687 100 30
677 232 210
187 105 156
292 261 266
546 701 406
184 606 253
650 168 248
613 440 8
340 661 93
640 701 150
176 96 366
0 572 372
467 255 92
190 569 450
74 97 397
128 196 157
283 701 403
389 186 165
614 371 429
412 672 152
286 508 437
420 496 325
357 483 174
207 173 339
500 14 162
0 229 156
220 690 234
479 701 89
694 462 438
157 652 369
179 346 416
91 583 92
419 591 245
386 50 132
459 81 401
495 435 184
657 278 247
146 276 27
427 563 169
0 84 373
231 701 154
98 468 229
0 268 272
366 305 440
75 596 141
309 426 372
561 122 70
21 481 444
454 63 419
32 559 362
62 33 241
7 701 137
394 692 197
477 511 399
506 334 432
455 373 297
0 197 256
263 701 281
438 551 120
699 362 88
16 131 452
0 547 447
248 627 13
350 263 345
352 701 81
418 701 352
0 120 444
532 293 225
451 467 274
0 217 342
115 85 206
465 701 28
210 191 359
113 526 202
528 578 396
279 476 275
569 701 355
384 403 65
661 626 226
0 701 183
11 400 133
345 510 344
457 98 118
184 678 202
25 358 220
117 8 116
63 591 34
46 12 446
377 187 166
657 409 248
180 424 261
200 550 412
219 322 313
258 484 347
352 503 273
6 654 87
408 393 268
280 510 218
245 372 378
250 538 419
33 154 359
475 499 443
170 21 212
617 652 457
562 233 94
600 268 251
599 364 346
657 557 122
642 49 399
56 468 227
591 86 303
206 240 40
193 629 378
410 509 102
643 605 427
505 569 442
640 652 427
606 491 338
398 172 148
55 405 209
296 338 404
577 231 293
410 620 274
603 669 423
251 288 51
344 126 296
472 51 52
572 656 341
43 450 239
388 273 45
361 171 373
343 15 185
382 340 165
112 121 101
558 616 268
178 444 376
62 603 409
301 535 343
342 699 99
62 40 189
352 679 133
59 557 17
116 554 345
58 572 7
372 604 239
235 18 83
623 37 149
329 89 412
516 331 62
274 586 156
523 299 234
526 638 420
230 267 191
638 404 104
489 463 449
508 681 49
516 474 413
114 390 188
499 342 6
688 505 403
410 301 104
378 499 319
395 179 53
233 556 50
649 610 70
240 392 68
475 635 241
238 135 82
580 420 159
83 132 79
376 122 43
159 59 451
307 162 369
513 531 423
272 341 355
699 478 32
260 20 250
403 147 54
626 646 167
444 563 335
526 80 137
29 497 202
656 491 215
435 6 52
255 649 133
660 597 173
298 620 447
26 617 34
499 229 37
227 424 357
135 83 151
266 142 376
602 292 398
430 629 441
344 76 398
587 440 286
501 138 61
364 119 276
276 91 65
350 38 2
637 392 116
693 406 225
529 669 260
524 59 149
290 395 350
308 606 372
511 527 50
628 253 173
160 382 151
671 323 283
16 147 216
257 629 377
111 150 87
442 571 125
377 230 309
649 496 296
288 625 356
608 614 43
401 536 443
457 30 43
311 175 448
132 408 51
23 219 18
500 228 337
161 208 30
339 30 374
483 38 260
204 130 182
664 465 365
343 200 311
666 509 297
244 225 43
425 585 50
49 58 109
432 475 53
129 349 157
368 307 190
240 632 457
167 279 31
170 9 295
192 577 101
336 424 146
455 451 22
415 179 187
617 431 62
421 276 438
611 350 319
519 313 86
632 301 233
237 491 128
457 602 58
96 246 220
518 649 102
79 589 102
353 537 219
580 504 91
558 516 243
71 217 378
202 152 215
628 92 28
120 513 199
392 614 344
300 407 253
305 657 439
681 570 187
529 655 346
16 614 323
221 587 163
183 592 153
312 551 136
516 154 91
333 473 318
545 658 296
612 351 193
83 469 11
451 665 84
61 406 247
54 598 315
328 566 335
226 471 202
134 308 81
446 106 353
284 321 79
16 407 239
283 162 220
129 596 62
446 501 107
589 529 57
16 136 218
184 376 299
467 599 244
486 239 402
489 153 2
452 189 414
131 630 310
109 321 124
44 205 409
501 380 358
633 591 96
235 672 3
182 71 386
654 493 442
616 357 156
106 373 440
377 311 407
251 608 183
341 340 22
487 608 102
215 475 374
75 136 181
258 542 81
558 551 416
392 532 437
639 408 120
548 419 126
698 16 274
402 693 175
76 476 131
662 447 383
574 269 199
80 689 236
392 483 356
101 127 427
223 584 238
40 95 436
314 231 378
560 480 318
191 66 172
28 544 378
102 539 9
30 452 359
359 54 69
428 136 237
608 514 446
153 291 40
206 517 412
7 556 269
411 687 412
275 93 167
216 517 312
587 538 130
369 25 421
591 658 265
351 409 408
118 554 9
321 222 338
283 515 426
252 306 211
235 266 300
515 236 203
384 378 290
384 36 395
192 685 346
467 613 193
375 436 378
123 455 333
604 276 322
365 382 446
131 612 236
319 459 395
346 439 183
74 272 52
55 477 370
576 626 62
278 398 207
672 69 263
469 273 303
474 275 330
73 268 14
689 646 46
173 621 172
615 410 34
250 476 300
659 580 341
456 575 406
572 341 252
700 258 442
387 403 446
316 27 454
615 657 237
320 94 434
84 47 42
507 310 202
287 540 322
181 57 189
643 226 95
594 652 85
352 367 209
498 143 203
560 414 298
688 163 383
227 545 160
47 266 271
584 276 140
433 162 221
288 683 157
53 127 299
625 598 230
665 629 405
133 55 190
81 270 116
154 76 422
561 516 307
156 376 248
672 513 162
267 295 16
345 628 188
625 551 370
330 551 436
664 315 206
424 544 442
315 51 168
156 239 49
468 681 204
171 566 450
16 244 93
662 31 400
349 272 36
22 446 171
20 36 436
581 69 218
393 372 290
251 152 258
344 486 378
570 540 116
440 591 277
113 159 437
574 124 365
545 211 173
28 64 56
539 294 284
99 549 418
215 312 342
515 504 127
596 365 23
536 531 113
129 507 342
387 227 11
246 12 436
303 63 447
140 627 77
531 280 156
240 20 290
61 121 339
439 649 177
580 33 109
146 693 102
514 573 335
162 134 369
627 70 435
224 152 154
483 478 263
360 19 260
536 358 400
640 101 313
181 11 423
223 384 23
336 44 111
259 248 154
247 286 363
429 151 112
624 169 13
157 474 416
554 588 72
169 604 347
540 629 423
244 170 377
596 71 367
482 258 37
283 638 89
506 263 227
214 60 6
55 146 103
681 327 427
519 611 352
315 65 190
303 382 217
568 229 114
416 82 44
110 646 120
471 564 258
510 188 35
2 209 347
616 145 364
365 651 285
638 184 344
286 365 319
623 438 420
491 529 214
594 194 73
668 247 336
227 385 455
544 461 265
67 350 238
563 581 82
432 193 117
179 34 382
275 653 387
348 301 290
23 365 168
691 447 259
674 691 346
269 237 156
507 622 33
202 208 75
292 676 202
454 442 311
517 514 431
95 554 435
367 209 323
668 658 365
318 271 285
618 369 25
47 441 367
450 159 155
469 535 25
54 623 392
608 295 309
661 291 435
476 309 179
59 263 50
285 324 86
481 281 253
408 444 170
134 508 391
211 49 390
32 338 6
188 415 192
313 367 257
212 603 287
638 347 404
698 175 220
569 158 347
310 470 161
178 219 214
650 531 421
98 564 350
482 481 207
120 100 111
526 387 17
177 419 247
340 617 259
513 265 226
570 330 267
218 423 340
41 14 32
274 405 61
28 164 201
410 539 263
33 527 263
341 411 301
179 48 292
343 395 284
348 291 244
354 22 252
176 244 12
140 445 207
420 313 198
586 547 436
493 139 200
93 507 175
76 405 440
172 128 19
445 318 53
47 478 87
623 172 350
683 686 96
43 245 192
595 576 114
83 298 26
48 269 118
530 641 30
38 562 358
659 568 65
223 562 192
459 325 130
387 266 369
560 424 314
63 79 53
216 590 34
290 697 310
280 134 126
94 595 180
294 145 258
685 458 385
189 421 222
261 104 267
670 204 215
582 82 133
35 237 164
588 365 442
92 458 272
220 183 192
20 385 217
405 483 5
82 176 335
562 230 232
334 564 298
52 18 369
289 480 436
195 21 350
189 135 180
92 550 75
52 426 63
287 243 316
286 329 382
131 274 400
404 156 330
371 35 215
374 60 201
503 472 248
14 509 263
417 287 112
56 307 110
292 585 86
498 354 425
225 570 81
392 587 255
190 642 336
175 42 410
488 148 375
215 67 427
400 320 356
608 229 228
2 396 269
147 261 347
423 438 453
407 21 247
210 449 137
357 446 51
231 323 244
329 148 423
545 488 398
314 637 43
459 636 420
8 522 224
197 448 368
323 440 296
71 427 374
645 616 449
30 260 264
564 674 262
673 153 86
583 634 425
530 514 50
692 533 288
306 376 448
345 376 165
182 431 37
553 201 111
443 307 303
81 568 440
387 649 414
171 212 304
134 472 311
397 420 353
161 118 270
585 248 260
279 681 451
380 326 242
427 613 369
229 551 445
89 236 398
343 329 114
626 445 307
358 418 328
22 358 48
361 94 70
615 157 326
28 25 210
249 604 258
565 302 128
642 179 129
440 519 242
356 42 433
520 481 39
116 244 78
653 699 154
231 403 129
86 370 160
513 134 21
557 496 371
250 411 116
368 115 244
205 394 44
142 397 101
214 216 397
190 652 47
203 505 326
195 140 361
178 236 250
347 89 401
55 648 451
493 549 192
367 138 456
683 637 129
126 409 256
287 565 267
219 387 191
369 274 120
683 650 308
98 422 383
596 153 155
228 83 451
176 612 365
48 297 272
604 64 127
362 371 279
301 404 378
88 287 414
143 59 158
680 35 323
581 142 343
112 421 422
554 516 282
349 392 117
442 282 328
95 45 409
13 369 194
309 554 49
401 313 152
83 580 304
347 517 204
650 598 93
152 533 261
446 347 91
695 605 30
343 351 96
143 473 405
367 341 185
226 445 199
481 612 168
210 240 136
652 129 190
110 553 11
400 536 15
348 358 35
314 50 289
278 483 69
594 7 280
56 544 232
28 158 66
160 270 42
56 613 225
532 542 102
312 463 284
281 468 307
379 47 337
67 423 120
124 332 246
288 418 291
287 682 143
533 78 333
203 679 360
14 210 189
574 256 273
152 423 457
261 267 3
579 256 351
192 14 111
321 686 352
341 573 292
512 455 379
416 492 281
549 78 230
401 632 330
168 39 111
4 437 147
111 33 240
66 356 211
139 614 289
326 200 199
96 563 183
488 659 276
640 37 133
362 244 360
163 509 311
679 75 195
42 412 328
116 443 441
302 682 132
216 423 304
257 341 435
549 305 41
382 66 325
130 129 325
116 42 265
541 23 254
218 297 395
581 96 196
585 101 125
696 96 255
74 668 257
151 95 305
276 282 408
260 9 442
389 68 223
28 125 416
526 228 442
564 95 42
69 647 386
201 535 60
382 193 245
565 416 143
166 215 272
594 124 156
297 4 226
225 487 339
522 631 12
7 107 86
264 347 260
33 660 282
251 477 320
489 442 294
343 435 397
570 501 23
352 628 173
314 183 294
411 141 205
430 411 357
123 647 335
136 261 39
398 354 49
207 49 149
93 601 379
521 568 200
316 6 51
574 543 426
606 107 350
530 694 323
660 650 408
459 444 325
97 145 33
184 603 170
386 186 397
280 281 43
579 415 262
82 605 117
191 77 417
394 289 306
456 272 372
255 224 418
700 83 12
666 431 216
575 171 119
189 636 339
582 11 193
547 139 147
560 409 225
665 539 440
150 231 149
86 261 2
373 624 311
561 666 284
622 624 450
160 221 324
107 326 65
588 181 445
555 68 158
460 256 89
227 23 114
407 637 419
600 453 89
393 329 218
432 87 38
30 630 19
270 1 331
586 20 239
203 110 51
403 672 170
206 41 439
599 530 232
440 66 51
305 296 201
62 642 373
396 577 54
271 631 238
164 403 248
538 257 378
519 429 336
408 15 397
82 410 80
122 578 392
86 424 115
568 407 449
680 689 378
216 580 44
540 69 72
444 268 101
157 285 327
693 507 149
87 92 411
314 578 367
594 400 288
128 656 3
581 662 198
503 678 398
380 57 181
198 80 281
347 288 47
593 200 282
630 119 181
502 588 301
598 529 119
67 161 101
68 654 310
549 243 365
494 323 249
243 608 264
118 650 290
133 87 373
505 311 108
364 134 251
306 256 356
218 174 444
37 432 194
384 628 288
242 280 10
79 21 431
372 1 2
376 68 242
85 318 218
590 339 249
530 477 148
492 336 397
659 140 14
231 269 42
84 368 329
407 627 375
23 413 63
453 512 312
142 94 86
289 442 119
164 562 400
662 143 3
650 172 115
405 158 331
173 700 426
249 430 102
547 93 442
360 625 283
307 10 404
569 49 109
259 431 176
386 366 285
155 78 369
303 62 436
507 595 181
273 255 348
455 275 163
149 266 390
81 204 32
669 451 287
307 296 452
636 400 206
238 490 361
204 681 368
628 156 92
8 609 342
467 174 313
657 34 178
170 296 419
700 384 228
369 474 183
557 415 417
247 691 168
303 653 174
141 226 354
489 577 281
56 220 433
163 640 55
404 564 221
632 527 268
139 257 338
313 365 318
431 327 69
54 140 69
388 138 32
510 578 430
282 315 103
319 658 157
605 63 174
551 39 22
276 349 400
198 27 390
666 165 114
192 650 53
246 381 318
637 654 413
29 281 249
105 659 334
345 92 258
1 194 363
55 435 82
649 180 92
522 650 437
227 384 217
85 34 136
527 191 442
34 138 47
556 267 123
663 545 20
226 88 320
153 296 302
335 592 202
565 627 258
379 448 254
160 310 351
416 672 236
384 20 394
79 693 90
248 623 438
669 587 362
545 581 292
105 176 77
659 611 420
163 592 258
202 32 42
439 679 79
498 33 188
71 87 413
394 356 408
342 406 433
325 166 158
570 253 401
608 312 409
239 672 265
440 410 392
495 380 264
90 119 58
287 254 191
276 304 247
128 311 356
347 445 297
352 353 193
352 507 270
303 414 47
433 94 260
179 526 22
184 14 218
644 588 3
537 588 376
482 271 415
62 175 113
376 96 221
655 218 392
652 366 106
531 129 228
554 459 314
575 467 143
542 514 248
249 583 386
123 496 334
382 485 113
202 631 13
115 170 216
206 23 12
173 672 64
74 295 420
141 698 294
46 14 395
424 259 10
82 368 138
390 57 408
387 153 420
569 642 231
509 523 155
183 632 389
511 95 71
203 358 40
298 680 299
634 206 407
123 591 363
307 260 369
38 606 427
149 553 395
223 598 456
499 556 95
406 72 439
120 695 325
192 68 81
359 488 92
362 284 224
564 666 304
516 327 318
476 260 225
593 38 239
277 469 239
297 399 142
261 198 313
209 285 402
357 519 5
266 300 422
108 549 451
2 76 263
405 369 237
99 314 391
139 301 20
32 353 98
488 355 430
470 439 21
238 332 261
516 613 187
20 386 452
388 296 69
172 307 124
337 514 375
362 65 136
40 571 201
627 609 416
3 475 56
171 621 329
668 165 85
408 89 167
36 401 175
276 480 36
169 234 114
154 295 379
358 249 80
547 103 131
238 540 378
426 452 52
465 106 292
122 61 239
50 302 454
12 633 148
285 693 446
272 662 316
241 451 170
12 611 274
78 206 394
596 293 316
579 295 299
462 681 241
301 533 241
360 495 88
659 639 121
551 155 165
364 289 295
472 446 8
215 92 231
191 58 3
657 504 292
285 448 159
606 37 18
333 585 58
311 347 445
61 538 325
503 101 96
306 377 397
218 247 292
381 521 297
328 148 123
61 481 403
545 70 452
599 143 243
198 556 285
700 152 401
312 446 358
177 530 335
479 29 42
561 326 410
375 476 428
213 417 81
343 328 96
470 304 20
109 16 99
556 447 277
559 580 95
174 564 97
339 481 376
329 525 345
591 215 217
519 346 21
443 533 227
177 351 80
674 631 432
640 523 95
468 387 113
192 471 246
220 347 181
402 338 44
422 571 435
188 449 77
353 256 222
137 697 320
620 322 223
506 238 313
507 539 363
556 108 400
297 201 453
316 99 224
248 409 437
580 122 269
659 397 259
238 418 202
55 568 92
612 683 272
495 305 270
579 418 195
392 344 167
73 372 87
422 586 344
362 368 45
346 698 148
254 648 308
516 315 206
665 653 204
151 686 89
156 256 416
267 271 368
231 86 247
685 240 42
132 452 322
440 421 267
308 296 90
177 30 87
621 325 193
623 267 318
571 330 230
40 648 101
239 424 73
518 365 195
627 471 12
260 117 205
227 250 91
429 384 30
470 600 95
250 687 454
549 521 38
677 452 232
70 498 280
640 623 158
276 277 421
295 475 122
7 487 134
139 55 260
123 426 390
34 323 332
254 692 298
271 388 301
573 634 67
189 27 249
101 361 334
67 281 162
693 629 127
530 57 7
469 379 216
627 241 324
644 49 96
561 163 357
355 380 54
106 320 308
503 479 157
171 160 275
539 186 143
541 289 1
66 616 289
123 633 6
257 581 225
63 3 308
446 153 307
693 184 397
696 660 384
588 418 336
550 361 289
199 597 160
47 272 234
221 650 285
426 109 422
51 45 403
47 639 68
358 254 48
362 245 260
473 398 449
310 381 421
684 586 55
665 551 435
297 614 77
530 502 44
33 182 419
5 665 451
360 677 248
240 616 206
5 440 348
243 677 266
64 646 439
156 52 50
624 462 331
481 629 119
291 513 440
673 665 15
266 209 388
558 540 94
417 347 137
381 10 58
165 179 264
351 216 312
337 236 74
175 110 182
675 196 164
218 527 275
536 318 412
611 44 173
212 547 311
480 216 215
501 156 430
110 360 39
548 429 314
203 596 99
148 51 245
43 175 267
689 539 323
248 437 29
563 62 142
323 207 142
324 668 33
200 386 222
698 385 112
531 356 70
545 696 210
99 660 57
581 564 327
216 664 37
197 405 97
289 220 104
275 33 54
615 591 105
406 227 346
621 664 17
179 551 238
128 595 119
382 226 262
664 303 109
668 463 192
192 560 357
528 30 190
657 602 250
410 656 88
463 276 322
690 376 259
449 48 100
269 485 391
532 477 37
435 361 246
699 10 27
153 418 190
296 653 211
186 26 370
573 670 252
506 435 203
117 668 109
498 686 392
616 341 255
590 161 329
486 611 454
53 592 156
208 333 382
65 354 432
678 252 44
449 202 132
666 668 364
374 263 439
126 420 84
146 670 146
185 60 355
187 288 109
17 130 130
171 113 135
635 564 174
282 20 443
68 655 80
328 596 68
355 66 14
663 110 432
410 240 122
68 542 446
39 399 353
617 597 244
688 387 348
27 633 319
670 375 406
380 533 408
508 578 56
35 82 263
700 361 228
135 247 4
652 35 326
604 437 83
119 301 1
34 636 371
272 415 96
127 649 442
75 72 238
149 55 103
209 115 123
312 37 308
487 561 326
291 380 445
201 408 204
662 383 22
362 650 200
613 451 156
207 492 94
462 465 215
190 226 375
29 690 134
507 439 73
660 276 287
552 629 36
402 516 336
209 22 101
329 462 198
514 571 413
290 433 26
38 563 54
245 123 335
319 46 401
360 21 159
380 72 346
508 117 8
455 560 286
168 242 56
169 351 303
498 191 402
173 383 362
52 282 27
473 331 167
601 608 114
97 45 178
256 452 292
207 32 144
231 526 376
250 517 239
608 671 221
252 625 17
598 238 183
461 661 203
614 421 418
482 378 95
377 528 372
106 196 346
31 246 33
663 322 127
481 562 98
598 557 179
563 428 88
247 175 65
200 16 115
218 467 194
130 625 133
497 296 440
649 187 346
298 299 353
317 29 375
232 270 11
85 33 88
24 432 277
50 526 214
179 36 350
625 52 124
129 165 364
292 599 206
441 379 3
259 412 310
465 13 451
28 199 454
221 689 245
485 66 455
35 677 179
452 285 453
282 479 147
623 662 69
115 509 176
355 554 272
247 610 423
195 53 196
124 373 419
553 49 422
516 195 81
202 240 272
168 81 291
387 497 432
406 447 316
669 325 13
502 574 195
420 324 163
548 582 413
501 121 369
455 550 26
168 224 37
350 264 155
613 56 342
190 203 191
83 399 365
139 417 86
81 596 398
697 597 321
235 184 64
74 246 406
629 408 82
133 41 298
100 220 314
338 195 356
233 431 98
105 610 213
183 472 28
128 525 438
183 41 69
629 9 143
82 188 297
101 608 107
373 459 87
513 414 313
549 456 73
630 631 253
413 221 175
513 487 402
49 158 450
12 358 11
277 699 142
237 391 78
403 334 105
556 363 73
98 207 353
25 213 319
498 629 414
194 548 37
212 315 335
678 444 60
143 663 257
422 540 268
338 625 130
210 314 190
138 431 10
447 443 285
503 629 358
529 694 275
477 528 270
586 545 17
609 640 256
24 10 181
613 328 437
481 415 183
263 341 177
687 12 181
160 602 111
481 597 72
416 558 355
612 240 216
241 417 12
168 95 125
426 245 30
279 181 440
176 468 102
182 544 423
553 76 84
55 580 295
629 505 295
223 486 408
272 56 103
297 398 436
318 398 117
199 72 165
490 505 89
148 615 354
554 558 231
593 438 152
447 533 320
68 478 147
131 523 380
303 529 87
161 322 57
332 429 97
614 321 42
192 632 368
538 597 448
191 378 213
401 545 191
502 491 72
70 633 378
242 600 174
340 498 240
79 312 291
455 441 300
117 562 309
613 669 308
391 99 178
385 27 9
570 346 343
254 195 314
508 281 208
556 345 55
149 93 352
668 213 361
690 659 56
433 556 54
139 127 161
656 291 404
239 218 428
367 17 254
95 252 252
347 21 109
210 300 317
671 201 224
451 42 456
658 174 48
21 260 244
423 432 363
85 689 237
512 509 299
472 682 312
548 491 125
257 394 455
474 120 237
461 334 364
502 432 340
607 375 359
439 385 179
378 399 354
692 535 376
416 160 115
652 622 348
454 552 271
110 62 226
100 240 136
652 133 236
501 614 255
158 586 350
568 399 407
566 509 196
318 100 447
697 386 318
676 656 111
361 231 386
647 532 251
338 54 430
67 524 320
692 387 252
195 164 285
453 263 188
441 455 150
538 95 215
97 293 365
174 565 198
85 102 89
529 624 204
306 555 344
471 231 120
509 16 109
626 576 380
390 395 104
690 645 392
418 157 406
654 24 69
181 318 388
384 80 147
536 589 441
168 679 115
479 569 396
120 352 21
417 152 368
687 453 229
688 452 425
330 49 311
423 422 270
615 632 53
544 199 159
28 424 344
226 671 158
287 567 154
625 300 157
54 326 223
224 637 312
634 189 97
540 307 186
338 375 266
694 2 24
176 496 3
493 552 390
141 417 61
364 525 206
219 58 189
594 580 120
351 273 349
48 698 339
201 142 71
540 135 304
534 88 164
334 362 362
540 465 385
690 450 265
49 458 313
322 168 223
431 382 118
552 511 303
436 160 48
256 582 87
384 523 332
434 582 298
321 148 310
408 279 246
453 314 382
249 643 37
583 648 74
31 95 292
698 452 218
642 16 272
20 684 216
682 107 47
347 158 96
115 230 150
65 123 300
506 31 426
487 542 291
127 631 37
384 191 292
166 219 298
425 83 221
524 163 360
671 28 386
567 95 379
127 370 400
638 156 454
681 162 211
274 376 165
279 9 384
229 52 404
377 411 101
285 482 361
50 681 211
605 515 292
571 671 82
572 332 281
330 35 238
542 154 372
635 276 38
377 4 376
315 492 48
74 44 306
511 241 82
187 263 321
657 19 290
100 438 70
82 617 413
429 190 247
467 119 402
639 245 276
14 616 91
219 662 351
594 566 107
6 358 430
137 21 250
303 480 409
50 132 428
324 589 39
697 45 448
500 100 58
265 441 256
599 146 348
468 656 450
507 250 445
349 63 79
180 275 226
281 25 287
18 95 97
412 431 38
505 635 147
624 463 145
183 134 349
593 686 180
165 156 132
563 498 40
11 17 121
619 324 216
69 645 18
450 649 40
392 286 360
142 243 428
271 611 332
588 103 61
30 496 174
574 214 185
244 669 291
623 84 318
7 101 89
465 54 373
138 404 423
456 278 16
305 397 125
180 559 115
482 631 319
243 201 172
7 250 227
567 680 170
532 669 262
144 121 185
340 267 64
412 531 100
470 163 323
662 695 188
39 186 376
370 79 311
667 239 60
338 347 140
245 388 342
621 518 219
659 281 130
256 260 453
668 601 342
351 671 219
669 176 24
450 70 209
123 254 180
126 149 317
612 430 55
631 322 312
546 694 139
177 57 324
530 489 52
676 194 417
490 64 217
55 56 306
97 482 121
218 166 159
172 654 8
525 312 36
512 633 443
64 224 226
602 186 174
456 481 449
110 600 198
97 339 80
638 18 285
361 70 63
90 524 290
625 15 339
131 287 352
522 615 244
686 356 390
120 283 356
489 426 204
38 269 306
361 325 341
98 120 159
686 471 250
120 394 183
214 468 192
7 698 341
256 244 395
593 189 199
224 696 277
501 30 39
176 315 292
175 349 39
268 401 162
474 473 253
169 364 163
405 590 366
134 132 331
430 133 329
70 156 357
550 650 149
553 246 67
238 56 356
352 465 174
206 492 16
154 75 101
178 373 434
396 444 185
698 524 450
92 275 104
39 398 306
374 593 429
677 536 74
236 594 178
295 613 358
333 574 387
29 623 205
375 391 95
32 23 318
588 52 435
240 138 400
314 119 302
118 175 15
191 561 410
322 416 400
39 245 384
417 358 127
93 665 185
250 78 147
582 455 234
14 389 358
675 411 359
65 371 370
283 420 370
63 243 182
344 182 216
312 362 24
476 435 168
646 120 35
131 120 225
247 427 240
671 626 364
304 612 208
11 360 127
360 22 247
297 401 23
628 453 207
258 156 171
391 509 440
20 377 321
282 406 288
292 600 91
194 52 233
583 562 333
158 395 187
322 369 200
238 181 77
336 62 134
313 354 98
612 66 259
559 651 59
462 151 95
407 530 153
156 248 457
414 672 446
598 111 456
186 221 285
264 439 447
80 322 152
153 12 66
651 317 339
302 77 371
677 395 90
547 85 236
148 273 237
8 59 241
114 673 206
18 536 212
10 286 105
67 323 175
504 359 320
603 693 337
307 26 48
695 93 447
55 290 138
374 32 138
461 633 373
176 249 427
250 80 309
140 117 196
633 657 180
261 304 432
299 133 65
122 216 102
672 467 423
585 534 7
159 358 391
427 195 140
273 376 418
203 609 305
598 622 85
411 636 361
564 558 284
78 546 123
400 5 256
221 499 237
314 445 115
500 190 403
247 489 395
250 421 50
124 84 335
135 418 51
422 417 456
612 609 207
444 453 275
121 176 89
657 678 204
158 501 428
287 137 369
328 374 6
629 8 79
425 362 78
312 1 194
585 379 195
358 22 421
324 530 425
253 459 225
169 83 145
210 25 266
688 377 431
325 594 326
143 353 318
626 487 451
257 72 15
477 695 369
479 695 210
299 623 85
671 53 305
585 396 415
489 487 282
218 597 87
92 132 38
148 150 157
4 200 308
481 301 354
423 646 310
10 147 51
601 12 361
565 579 45
662 395 316
369 624 256
679 598 264
467 223 60
430 465 283
676 425 198
223 592 33
301 690 44
188 403 40
415 276 89
642 376 195
91 226 377
533 263 443
3 174 238
61 380 300
438 218 415
137 462 438
598 589 169
502 470 208
180 436 102
18 315 246
600 264 393
479 152 374
320 575 57
27 677 440
191 276 12
194 435 442
90 473 222
148 471 353
349 466 117
192 403 130
13 581 190
486 213 444
168 463 84
77 488 234
264 523 341
206 244 446
668 167 60
576 476 304
504 682 346
447 87 436
177 466 51
606 495 192
453 421 175
626 281 267
654 428 310
186 96 362
561 52 165
358 354 190
14 448 354
381 195 261
308 677 129
492 74 389
587 146 197
338 608 123
485 101 314
158 21 269
569 658 325
185 153 25
21 259 318
412 637 391
81 24 265
389 399 164
517 40 156
251 680 42
583 235 282
107 178 383
287 576 431
682 546 247
440 457 12
294 420 409
392 428 387
357 283 349
603 44 455
697 167 78
663 32 44
442 420 148
189 579 110
151 268 366
357 567 441
119 383 454
237 183 55
163 684 410
403 413 422
56 170 451
12 37 346
286 412 179
16 160 11
179 620 177
529 29 93
183 12 228
275 215 444
603 50 12
64 700 125
463 300 285
528 11 237
93 144 371
113 203 298
477 618 255
80 284 171
321 6 370
615 34 320
675 93 389
625 112 76
165 157 439
537 412 376
296 324 143
23 645 236
241 213 227
68 114 253
251 306 273
694 218 408
363 284 20
218 553 434
535 692 133
133 698 441
501 134 48
526 41 78
140 566 321
550 403 43
491 76 131
117 240 274
355 449 147
263 440 235
160 615 206
161 146 40
471 437 48
325 56 299
538 490 9
95 387 65
333 436 241
64 125 256
690 66 378
545 372 39
232 25 392
582 26 21
73 225 261
493 174 418
700 74 176
442 438 389
499 699 116
540 419 304
673 168 374
16 15 140
500 642 278
473 386 354
567 89 375
684 598 144
595 469 370
406 180 107
121 350 94
305 39 37
379 56 338
254 2 277
360 202 325
3 424 377
332 466 101
138 530 452
545 199 298
12 170 86
587 332 164
344 682 193
498 569 176
64 569 156
104 384 303
527 64 310
360 554 279
289 644 366
181 414 26
8 257 243
606 593 381
221 631 247
57 526 377
519 330 86
136 411 457
547 517 291
48 109 98
694 99 21
273 38 236
313 340 155
498 389 292
117 311 379
523 28 76
135 466 146
29 181 29
612 82 367
675 169 429
89 270 127
2 456 326
698 10 76
274 648 395
537 136 366
333 469 320
426 329 295
447 93 355
69 325 23
531 614 259
508 93 423
678 289 340
662 698 166
97 132 151
76 136 230
39 20 67
579 289 345
192 303 408
604 370 186
393 98 420
358 252 17
584 331 240
510 11 118
539 584 338
664 291 30
492 159 125
79 50 234
389 246 41
302 681 259
655 239 285
162 698 133
415 28 58
254 12 274
699 385 364
408 358 164
615 45 23
216 345 140
365 136 322
352 131 268
484 384 239
121 586 111
89 126 69
219 446 356
592 355 333
80 407 257
232 456 166
106 667 445
547 51 190
496 174 133
128 131 89
656 448 243
665 476 247
62 410 279
101 234 364
309 672 222
371 180 263
34 53 379
394 373 41
370 152 103
457 682 407
77 113 345
415 672 138
669 365 350
355 509 104
566 31 279
490 284 242
236 296 186
369 649 120
232 622 193
393 3 3
214 165 183
306 186 201
199 435 51
92 367 84
369 396 107
314 277 376
316 359 305
53 652 239
673 180 148
124 150 133
507 26 184
220 203 397
632 286 32
224 142 399
25 467 252
602 69 33
250 606 98
90 401 245
699 415 28
351 42 142
213 85 407
392 366 4
91 633 183
377 340 77
564 40 20
231 683 280
220 408 336
367 475 64
24 435 435
251 270 95
227 502 272
580 168 306
97 577 443
517 665 213
611 92 103
207 43 228
445 260 173
447 480 194
388 593 426
344 169 410
351 220 271
606 193 449
294 538 55
24 81 318
679 472 31
151 86 340
318 279 104
190 552 16
286 683 315
177 597 408
316 661 28
102 521 350
362 324 192
8 350 385
699 569 250
21 541 439
628 620 183
139 276 12
323 563 424
105 388 265
397 638 335
289 349 155
238 168 216
221 176 152
224 156 391
666 47 254
539 288 202
377 516 225
449 407 337
380 637 101
361 277 228
588 166 77
56 47 435
554 466 272
26 651 380
55 227 177
616 167 456
209 631 87
448 297 359
46 308 297
139 242 52
4 508 276
162 305 86
163 248 131
700 552 337
281 244 388
556 539 145
684 402 254
651 159 122
85 27 24
623 541 227
679 479 144
114 575 357
333 137 150
273 383 88
79 47 258
285 294 124
693 601 431
270 626 401
382 576 238
257 663 401
76 621 302
212 552 184
278 271 332
336 258 174
163 427 225
355 392 322
671 374 338
444 207 88
13 242 101
469 400 32
511 561 336
349 186 42
166 464 325
43 141 371
170 543 123
300 610 336
265 155 448
66 604 88
75 663 289
16 425 399
108 199 33
294 25 176
341 128 449
694 640 386
24 206 382
78 385 276
465 566 106
672 676 351
506 656 61
553 231 446
57 138 366
365 246 296
663 126 358
646 210 61
139 178 122
609 693 360
512 210 201
17 532 298
215 23 239
254 459 296
644 439 84
366 367 158
172 330 320
27 585 213
102 198 444
84 654 132
530 458 390
434 503 77
113 60 437
421 203 283
60 541 122
408 336 21
444 534 157
304 161 355
482 680 64
348 186 428
92 517 197
603 692 138
451 250 340
226 162 327
238 519 394
100 620 358
288 103 248
305 588 183
616 645 201
270 454 115
73 582 57
457 281 30
610 174 165
90 288 38
591 268 427
23 478 257
302 578 449
283 437 239
252 188 251
416 530 346
290 449 257
32 34 91
534 676 230
683 692 321
175 666 40
26 337 276
438 71 310
564 559 359
126 454 384
453 126 347
236 258 378
538 602 256
208 73 63
465 544 300
248 336 452
672 690 370
30 278 347
470 73 418
53 95 253
554 570 303
258 495 369
674 522 80
559 335 255
180 86 187
240 457 375
239 387 199
349 479 145
299 320 25
192 390 160
301 92 181
319 653 307
250 644 371
324 131 49
141 499 92
123 445 353
113 46 61
39 258 106
117 558 385
214 163 442
523 625 159
434 376 95
495 553 144
239 353 350
350 188 110
443 522 415
375 609 311
602 333 303
84 608 429
491 262 326
476 626 394
648 109 184
692 554 430
341 674 359
582 544 122
218 577 360
237 529 364
93 503 306
20 73 30
113 409 10
131 198 279
646 252 68
280 182 256
10 99 436
25 344 415
246 415 187
253 359 372
387 481 335
134 192 201
358 546 409
92 672 115
312 246 220
95 661 116
425 441 322
409 202 41
690 77 387
449 291 423
340 310 329
233 477 66
436 95 206
364 448 435
451 530 175
386 170 90
5 206 262
478 604 398
59 247 185
189 274 97
465 316 215
229 561 316
471 673 74
689 80 244
201 330 28
664 622 281
537 480 221
312 22 15
356 436 345
653 394 221
307 200 215
192 369 366
58 436 436
3 621 209
82 462 278
524 185 364
360 308 367
585 445 321
641 499 402
68 56 341
184 492 152
517 470 250
169 120 348
188 460 89
317 144 317
410 664 27
30 193 191
412 644 398
341 282 90
37 49 136
440 347 365
38 330 437
367 128 24
95 271 71
48 416 375
529 486 44
553 19 228
455 631 277
574 621 370
296 4 37
648 377 126
647 483 450
527 181 352
391 399 127
84 99 408
87 497 221
134 54 278
373 452 249
128 359 148
39 343 65
555 320 208
593 21 243
649 267 200
60 243 106
320 671 137
158 569 207
675 657 153
397 565 143
413 557 140
8 505 384
256 475 73
10 624 346
173 228 167
213 317 411
323 405 89
508 533 441
590 591 211
410 347 17
410 312 248
635 220 390
121 316 21
395 7 247
414 353 321
215 624 271
328 226 453
21 193 26
405 98 327
43 675 138
183 71 193
263 4 266
547 137 366
163 176 423
382 260 345
221 612 265
421 98 69
613 392 263
562 608 441
300 15 296
74 614 54
266 139 189
50 332 155
15 532 404
198 348 103
403 175 199
422 574 367
370 327 436
226 13 131
99 233 454
118 7 30
500 28 167
50 479 406
698 121 414
442 597 94
204 596 150
540 158 192
263 443 209
502 342 265
70 53 198
676 592 418
625 290 134
360 153 37
39 144 202
666 292 258
99 637 205
559 19 388
156 492 352
564 529 417
168 25 254
595 359 61
154 99 301
463 31 156
564 384 262
581 598 83
633 662 103
144 85 40
436 267 383
330 538 436
93 110 401
610 440 212
684 599 70
578 356 429
144 382 48
637 593 29
169 573 391
203 233 92
494 472 398
477 352 302
695 7 331
62 60 56
164 587 307
70 603 210
641 317 164
218 486 305
327 72 299
458 265 31
44 212 369
372 249 2
174 581 375
123 431 453
363 380 415
665 32 96
340 682 212
541 291 210
655 645 69
51 43 31
396 552 101
274 374 44
166 296 102
481 346 292
689 491 183
450 289 381
582 638 193
634 631 266
587 58 167
146 550 152
553 510 112
239 105 59
243 362 160
300 649 293
227 699 428
445 336 330
631 431 227
302 203 359
584 110 227
487 245 35
435 422 402
346 568 91
22 218 196
98 436 243
605 610 81
688 188 76
652 325 214
301 369 448
429 188 355
676 323 384
489 639 223
421 42 143
573 197 310
540 536 171
337 691 89
475 17 67
390 696 331
7 586 176
101 529 96
416 220 433
470 480 181
310 483 391
57 540 354
555 74 99
427 479 272
456 355 396
434 433 139
253 235 110
604 693 7
610 566 227
112 693 308
313 532 198
461 425 265
479 387 225
377 329 154
177 495 424
625 19 273
453 394 101
594 120 314
298 589 288
208 605 262
120 271 376
443 696 160
215 128 57
142 352 228
240 78 400
493 628 385
43 275 134
650 265 223
355 517 288
68 605 183
690 566 359
250 155 85
158 96 16
197 368 445
71 347 331
217 368 172
61 193 429
635 586 444
377 20 88
50 82 16
323 176 334
452 578 446
362 598 436
383 42 89
59 480 343
413 182 381
65 683 136
564 501 262
671 435 14
71 365 423
403 272 392
476 207 202
39 5 234
595 259 399
261 27 48
266 541 177
577 16 52
69 104 180
55 121 237
128 598 117
36 103 101
664 648 191
681 366 272
38 525 236
124 370 321
280 657 281
243 519 409
156 150 364
538 423 189
270 154 288
458 474 388
279 562 413
228 288 437
654 682 336
453 491 402
348 215 120
166 106 37
682 238 124
191 525 66
101 424 189
106 385 105
239 610 204
418 5 388
534 447 395
77 256 12
426 520 420
334 145 126
689 390 104
319 327 343
155 335 357
321 693 96
56 517 411
59 650 369
262 341 96
472 415 278
435 277 433
608 161 344
183 691 169
114 150 4
23 42 263
5 619 360
427 127 220
49 683 107
106 437 193
572 193 109
412 577 208
444 332 336
248 309 54
654 491 228
567 606 308
571 411 363
516 264 284
111 308 173
521 264 390
315 217 62
99 276 5
84 119 280
581 302 361
272 244 331
592 495 436
228 327 270
195 662 167
214 466 27
197 166 372
490 176 421
697 440 328
636 367 277
44 287 427
339 579 166
12 381 30
361 421 55
380 647 23
492 39 207
699 29 34
517 126 60
497 307 370
562 601 414
484 421 64
266 240 304
179 461 31
470 624 34
219 176 399
404 102 58
243 54 118
393 46 295
670 679 45
589 468 53
415 540 413
678 146 434
2 585 380
328 405 234
522 272 116
61 116 457
500 404 177
7 216 388
262 185 348
433 501 453
694 50 203
186 25 442
692 457 95
185 226 433
313 21 98
574 466 392
5 605 77
237 207 456
160 671 92
514 425 1
274 622 308
37 407 182
51 32 143
318 401 200
7 544 132
401 475 76
364 489 350
114 106 165
244 183 100
7 527 156
619 101 29
468 447 371
56 79 126
20 512 218
629 4 303
614 344 262
373 454 133
523 404 292
334 218 431
366 625 129
607 605 116
351 9 311
190 658 72
486 190 175
86 619 154
680 627 292
496 20 76
77 553 226
44 156 297
119 607 251
12 450 208
487 285 27
272 543 365
436 440 350
555 552 98
148 130 251
370 302 122
23 360 206
276 583 54
667 678 76
174 211 420
80 192 368
178 211 250
604 27 139
200 241 246
143 563 219
352 546 302
259 46 150
686 497 50
486 669 2
93 359 209
19 622 48
404 330 236
98 397 446
245 74 132
193 423 164
176 473 106
431 627 130
693 332 48
532 78 106
401 580 324
128 412 235
37 382 155
455 547 111
573 156 1
186 654 18
574 431 314
558 141 65
348 66 390
392 257 323
428 583 355
691 209 142
506 675 380
590 449 398
409 594 454
494 320 322
257 393 20
439 608 156
134 497 94
327 585 169
525 106 302
599 231 427
488 377 345
341 535 283
3 320 253
116 511 338
390 640 86
545 47 360
286 305 127
287 24 225
126 48 258
460 342 339
479 74 163
10 447 348
636 223 317
563 553 186
638 175 218
685 152 386
8 509 446
531 93 226
589 537 366
418 255 354
331 195 376
518 693 50
23 265 338
615 197 273
339 438 355
341 422 256
397 468 403
515 264 21
57 599 110
302 562 347
670 643 141
88 123 410
89 294 116
458 85 15
186 446 101
65 679 422
264 486 440
433 273 12
329 192 45
517 639 401
185 254 56
424 375 155
331 446 303
70 468 420
686 626 457
446 247 201
671 506 321
146 102 10
412 403 415
439 396 134
498 222 271
63 74 235
266 578 1
129 95 297
551 225 101
573 287 20
410 124 447
466 125 439
412 193 437
50 185 348
54 668 92
679 61 200
114 481 154
276 624 10
72 5 38
410 340 119
528 31 100
503 177 394
361 482 349
135 8 124
143 448 444
687 647 216
465 332 454
283 197 317
377 674 342
85 81 276
33 512 284
360 560 182
578 661 47
308 304 88
365 321 98
202 613 197
632 18 441
460 475 16
155 399 181
565 328 9
418 77 59
521 644 350
518 566 426
479 564 16
614 49 240
461 628 85
413 198 82
189 623 244
127 530 342
465 665 174
21 257 289
288 390 71
615 583 47
45 507 107
411 327 369
158 170 125
253 642 310
146 594 198
54 331 324
256 190 123
648 656 313
300 565 366
157 390 218
321 472 131
647 237 366
271 18 379
416 308 302
623 35 106
74 134 12
330 236 291
226 500 169
150 83 99
279 309 351
178 424 256
320 140 362
571 451 229
364 451 272
489 513 421
159 498 22
224 214 383
189 434 174
600 369 267
530 398 26
586 140 393
255 593 324
649 484 198
457 149 192
619 460 149
565 184 333
109 12 303
1 131 428
215 519 421
227 65 169
12 87 36
196 58 23
565 591 429
36 569 301
221 611 162
539 386 446
244 644 149
371 52 110
651 166 401
563 264 121
601 253 369
379 513 175
15 535 95
381 211 48
198 134 291
560 156 289
79 412 6
320 203 402
81 516 281
51 77 227
676 248 18
143 613 352
682 643 208
93 624 254
407 83 348
111 448 102
507 274 415
588 691 131
203 573 242
25 577 145
542 62 123
67 218 77
340 484 436
347 378 4
204 417 267
332 238 254
587 608 442
328 307 7
6 620 210
63 661 35
597 685 138
123 64 129
566 450 261
102 635 15
227 254 183
628 382 439
600 494 293
438 303 88
344 684 448
551 491 159
510 249 451
257 11 430
114 660 366
296 591 187
563 531 134
692 3 198
169 202 446
244 650 187
336 667 248
44 100 411
471 572 391
256 520 70
314 626 6
308 699 134
684 404 79
613 266 233
105 222 119
320 217 178
340 20 279
358 671 433
655 351 3
490 665 181
364 262 79
5 361 136
201 466 4
666 644 273
41 407 48
299 207 453
574 526 261
259 247 429
387 458 264
209 222 108
109 213 9
109 317 344
364 400 405
457 50 443
216 283 173
280 447 122
417 652 451
473 402 133
365 100 196
375 673 230
242 241 221
578 375 53
641 669 308
163 113 378
626 75 441
488 400 350
597 442 418
279 575 206
486 225 359
125 661 298
544 23 373
180 494 238
519 357 271
167 400 147
272 460 368
547 164 195
515 408 161
326 649 258
250 406 107
648 87 244
133 401 417
100 580 28
357 237 123
626 550 159
150 554 112
444 89 286
172 182 187
501 152 290
691 456 93
195 111 315
69 420 112
529 206 435
313 539 301
390 148 143
263 414 269
270 462 123
253 302 232
345 498 361
204 374 178
294 590 227
100 423 184
11 580 273
528 298 176
569 408 421
552 160 425
400 587 167
437 456 453
430 216 450
683 480 444
223 315 399
61 588 26
351 664 286
542 421 447
376 460 173
284 429 355
213 369 283
32 680 328
587 524 241
605 165 3
609 162 340
415 396 126
664 307 137
668 459 194
357 2 368
133 587 446
158 663 227
105 553 227
159 122 71
107 317 415
650 359 192
401 280 113
662 7 347
433 47 343
212 686 124
675 408 205
287 156 321
604 644 251
456 66 297
636 9 253
649 131 38
99 84 92
482 436 97
193 15 216
47 220 41
293 124 271
367 588 334
406 693 107
479 257 366
7 84 129
178 263 67
604 48 356
309 348 13
607 5 143
35 146 274
520 31 184
46 424 139
613 302 21
117 265 443
381 183 146
501 106 60
468 101 84
531 535 430
303 337 126
695 280 349
643 347 395
669 479 291
150 663 6
528 649 204
485 268 162
287 368 457
676 635 115
635 339 278
439 341 271
688 345 104
303 189 149
153 520 17
117 455 264
314 673 166
86 100 455
316 669 58
279 381 444
248 165 453
284 419 326
286 587 398
308 41 445
92 494 341
511 610 128
294 204 361
82 212 410
623 167 380
46 459 162
412 31 217
658 697 44
56 49 403
180 337 120
646 618 283
188 172 214
614 318 380
465 373 27
125 697 68
275 532 66
257 97 124
289 505 385
276 685 41
634 102 187
248 648 198
397 307 141
4 215 392
322 662 163
461 82 88
318 549 242
500 648 381
467 343 61
450 539 424
612 521 203
574 320 358
557 248 172
540 80 172
579 320 447
562 696 115
9 520 58
230 522 194
685 181 106
602 649 170
197 339 167
695 366 307
394 382 365
95 546 266
205 222 152
245 71 272
463 176 19
671 639 128
380 670 366
431 620 31
379 279 179
161 88 100
289 3 264
162 243 87
380 75 338
147 157 71
24 309 180
574 418 9
35 573 84
222 696 282
670 75 108
139 439 305
488 509 379
208 135 226
14 597 338
368 270 315
258 27 401
649 332 434
515 63 403
176 688 332
178 652 39
398 441 304
283 404 394
455 184 57
294 254 266
97 402 386
133 180 95
192 528 291
320 581 235
597 613 119
230 86 50
196 322 360
582 52 331
52 4 109
269 522 207
699 445 285
150 375 128
317 1 34
339 592 29
156 106 151
284 87 83
179 509 297
175 672 423
373 164 132
508 451 148
492 210 117
520 477 152
383 471 429
242 489 40
467 492 287
390 433 374
122 179 299
194 324 448
361 39 259
434 215 54
237 290 224
635 521 408
188 625 385
522 518 161
27 108 331
429 592 81
31 684 266
286 113 415
108 17 305
454 45 108
259 17 384
479 608 89
297 10 136
486 658 109
379 436 260
141 45 4
659 614 247
147 314 413
175 505 450
258 203 204
683 694 187
278 142 343
427 90 286
253 669 123
33 423 67
54 609 82
145 315 407
473 598 234
435 177 235
542 96 206
85 507 27
553 374 220
413 436 303
52 244 385
571 422 314
112 385 365
666 414 36
562 31 10
356 162 60
358 186 291
652 238 175
169 125 76
64 339 220
228 356 92
387 50 66
12 147 182
565 163 443
400 693 64
406 167 17
268 231 13
190 457 340
523 443 399
433 677 256
576 563 43
573 607 397
208 509 190
291 523 30
529 537 68
252 576 145
230 276 432
433 125 26
692 29 201
44 34 375
172 239 430
467 371 156
450 457 321
529 682 118
573 364 359
76 403 256
60 226 66
81 35 284
300 689 8
339 167 308
391 668 27
485 193 207
198 16 8
456 591 249
23 95 186
481 12 60
48 259 91
637 223 278
141 176 402
677 621 150
418 535 28
609 614 282
115 579 27
26 208 112
600 245 40
339 11 198
641 565 166
382 175 99
111 345 188
260 271 97
650 179 334
634 284 27
542 509 424
545 79 107
106 149 184
530 186 21
144 506 361
681 677 280
676 512 354
131 644 129
120 9 120
427 391 221
413 562 44
344 295 117
198 582 171
505 26 255
664 624 93
576 658 402
114 369 37
358 576 131
70 652 119
145 219 303
679 354 257
503 93 374
512 187 49
582 385 58
587 387 119
145 116 275
603 547 83
676 179 401
240 54 234
422 514 268
69 328 201
427 671 296
651 56 407
428 375 340
33 353 243
341 280 374
236 66 120
665 356 380
426 336 361
209 96 131
66 513 439
105 151 208
178 71 225
396 146 205
92 36 414
430 45 457
313 66 303
556 10 396
439 646 65
99 625 161
335 431 340
318 301 399
676 297 261
473 260 222
91 245 221
219 312 200
671 576 19
149 27 51
201 592 233
43 118 71
425 567 412
11 698 71
85 415 194
68 441 438
174 413 336
158 325 335
676 184 411
71 566 220
165 471 138
554 540 253
421 515 339
649 410 39
685 588 431
245 335 246
7 608 293
376 18 11
589 520 186
431 372 254
547 567 346
576 548 406
203 253 237
611 594 383
308 204 239
153 78 137
504 438 86
78 393 120
20 666 389
682 101 68
222 314 243
205 674 298
310 45 237
486 372 115
687 660 395
279 651 111
393 552 48
156 92 312
124 598 74
430 525 213
142 27 162
649 197 39
408 43 436
600 575 416
395 653 438
693 622 68
469 372 150
226 90 288
276 98 313
148 680 424
49 514 387
526 44 262
14 490 240
126 560 256
417 156 406
364 253 94
57 373 137
246 249 186
193 483 422
122 443 405
285 413 37
197 299 133
605 446 3
346 570 272
19 667 318
685 533 261
519 132 286
184 465 284
376 322 255
693 177 386
568 576 67
587 443 62
593 5 345
469 383 356
116 694 334
500 227 146
193 525 109
161 497 176
308 64 232
112 475 313
653 202 143
162 604 311
173 134 309
625 659 363
610 297 452
427 585 407
280 682 230
269 508 272
470 327 208
473 161 399
36 291 38
455 17 178
120 148 433
71 484 123
434 268 192
253 72 265
615 323 325
424 266 26
98 225 178
79 508 300
623 228 178
389 564 280
4 206 13
251 619 357
110 340 360
50 291 433
271 654 153
219 201 315
65 463 24
611 37 20
522 328 297
523 17 106
190 672 311
253 426 17
347 173 397
67 330 29
331 506 404
68 278 289
491 240 253
398 604 416
332 142 37
574 405 338
64 78 326
139 412 4
391 519 206
638 694 279
287 300 66
296 127 445
511 322 126
72 486 193
668 583 11
657 360 340
624 229 396
274 162 278
58 663 412
700 202 96
222 16 202
499 315 285
228 429 146
279 606 24
366 311 154
630 512 425
127 699 281
276 557 283
303 194 346
485 683 6
549 550 442
329 579 419
91 620 209
370 391 391
442 8 301
375 698 353
378 240 123
341 492 45
487 520 13
380 7 194
95 189 334
685 77 51
18 203 144
490 633 209
696 324 73
378 151 105
609 339 138
409 611 176
502 192 226
582 622 193
452 573 242
568 382 11
189 384 17
150 666 137
137 297 114
45 464 123
176 257 367
141 103 129
664 22 351
223 405 400
519 232 318
410 120 233
502 482 88
33 121 252
525 112 61
678 587 218
626 152 30
330 307 254
166 661 148
316 354 406
634 485 181
294 578 189
672 522 310
103 42 82
507 31 253
53 231 1
13 399 198
389 229 11
373 480 24
111 219 368
504 113 238
640 45 333
587 668 236
624 354 40
309 520 370
554 495 323
459 97 218
320 489 79
194 462 417
268 585 446
31 63 441
395 586 312
472 212 106
201 256 238
384 224 17
242 620 116
97 343 40
674 571 377
281 152 368
635 121 201
249 422 273
46 664 305
138 665 455
603 685 123
630 316 8
695 121 207
498 683 171
502 17 420
155 118 7
522 500 149
401 88 405
357 359 295
414 111 17
352 536 27
117 264 82
409 455 455
686 475 343
394 251 377
180 680 25
492 650 434
59 387 394
276 251 29
615 416 1
680 94 431
123 536 99
126 425 34
681 444 323
115 258 287
461 274 457
303 698 277
698 665 48
442 347 3
588 258 25
542 404 256
356 143 427
621 645 294
583 466 99
107 413 415
608 646 383
401 376 302
294 205 449
613 577 442
297 581 31
125 82 80
652 599 270
395 240 218
469 89 351
235 497 267
612 627 354
610 617 450
576 697 320
576 467 311
666 506 117
327 621 227
32 43 67
207 419 143
684 329 149
479 481 199
686 267 188
639 28 139
84 601 267
527 183 340
360 631 248
396 621 145
491 287 381
165 82 415
147 699 1
684 472 39
298 437 396
268 349 196
145 46 398
329 345 218
700 696 38
297 251 324
426 395 217
62 437 261
301 569 320
158 66 185
126 584 17
7 695 295
573 23 302
222 191 456
208 207 335
61 227 203
445 558 192
50 116 228
201 145 296
570 245 349
379 135 385
569 443 418
540 588 12
408 437 263
259 122 321
375 115 151
675 345 426
623 217 232
573 362 382
611 523 287
260 443 424
333 603 8
463 326 422
306 102 106
339 332 267
213 389 203
110 649 117
641 99 418
467 518 433
653 355 314
103 300 359
655 67 121
325 620 419
471 200 158
643 523 427
291 446 345
275 549 130
627 568 47
485 450 343
666 222 357
246 486 244
637 377 8
303 101 260
451 164 403
127 523 313
535 670 299
276 441 418
424 450 351
136 342 297
335 606 164
231 601 414
500 484 335
372 465 364
300 342 8
672 471 343
158 76 327
567 670 38
4 548 319
417 86 122
37 235 348
522 147 319
650 428 3
464 87 247
228 176 249
295 80 75
104 440 360
124 481 434
219 677 213
93 132 403
700 428 175
240 147 239
294 613 392
361 385 170
61 125 25
49 294 129
231 58 147
583 289 401
328 491 184
625 619 218
608 601 10
209 438 51
211 54 66
339 237 183
378 487 21
566 490 291
180 81 22
382 13 120
476 82 408
97 419 366
651 478 252
9 111 139
609 622 344
323 673 74
179 283 62
624 444 16
166 55 75
170 442 79
192 670 334
65 128 27
103 290 229
97 535 294
594 109 372
317 42 333
390 418 130
255 354 330
181 587 379
295 425 310
153 662 208
462 310 226
505 171 39
603 308 274
529 681 456
414 181 26
217 287 112
76 396 81
183 488 268
645 333 9
19 379 275
409 429 318
160 607 369
587 591 453
454 431 272
612 184 181
114 170 439
286 74 76
297 352 198
299 4 22
356 115 353
196 626 80
602 541 435
640 88 5
270 391 97
608 594 447
364 440 100
476 258 373
350 593 420
351 312 248
351 578 163
279 289 456
293 3 251
584 293 379
639 191 156
236 642 385
241 134 173
666 481 408
99 88 153
501 636 280
652 140 242
581 242 174
527 330 123
603 240 454
490 117 272
572 451 55
256 639 330
222 580 367
544 258 257
640 277 83
35 99 22
421 236 1
42 211 76
532 142 348
604 475 238
252 140 363
274 510 263
41 409 366
117 686 76
597 244 7
300 20 267
429 546 309
502 120 437
251 590 456
181 311 11
73 662 192
699 166 287
57 615 252
39 531 284
244 551 199
579 550 136
210 695 174
209 145 17
346 281 218
261 453 56
365 609 191
187 641 86
641 479 6
583 231 14
145 405 166
404 360 21
372 676 35
265 166 391
502 437 436
364 532 402
660 25 211
20 570 41
488 213 455
5 172 278
297 483 408
635 200 229
342 39 270
126 368 115
473 436 67
146 370 316
586 658 31
371 363 322
408 415 243
6 270 239
669 70 264
192 374 251
583 410 193
694 699 447
225 695 243
573 384 357
607 621 5
322 194 127
254 103 309
460 372 332
337 361 9
618 138 285
66 223 253
449 46 47
639 654 426
286 162 387
696 58 34
387 592 265
459 613 275
203 529 284
243 67 353
170 289 167
597 134 336
465 461 403
428 215 309
377 291 260
106 675 449
307 184 60
555 516 290
222 85 390
215 515 342
406 268 284
172 204 162
689 510 173
637 384 406
643 371 34
662 573 388
422 652 400
424 59 44
297 307 340
6 79 120
264 570 288
65 319 271
247 595 230
281 531 450
204 332 174
21 642 251
59 563 203
445 598 179
392 350 279
73 379 168
359 10 316
161 7 181
53 17 254
123 397 222
681 486 153
117 244 103
634 462 358
617 142 418
90 584 416
509 362 447
612 200 205
185 506 299
68 255 49
477 204 169
116 444 280
388 185 375
580 515 89
228 440 159
232 657 437
214 127 94
434 641 145
491 535 353
330 616 142
700 164 230
422 72 397
298 202 185
580 402 228
49 94 25
587 320 305
34 576 98
642 237 245
19 236 15
524 322 352
477 494 445
570 180 225
529 613 251
382 687 285
109 141 454
626 313 27
405 226 117
500 672 31
212 362 225
514 132 234
231 528 143
83 414 25
382 574 354
438 362 109
591 336 361
386 21 328
650 258 152
88 39 428
386 269 101
164 324 176
147 260 156
617 94 263
123 639 120
142 439 69
491 243 346
49 341 26
332 143 425
59 577 12
410 119 364
637 244 150
657 478 215
72 586 216
288 647 332
678 606 17
660 61 136
394 398 313
576 42 275
361 254 252
63 414 101
12 118 203
16 122 244
587 528 304
18 269 203
537 689 320
91 389 311
640 336 349
569 110 225
592 609 197
73 232 75
425 166 158
479 127 95
651 486 34
64 668 43
410 440 371
284 127 372
12 340 389
530 259 175
125 40 123
470 342 326
496 429 220
4 89 388
168 618 142
646 437 10
425 55 199
546 136 315
501 324 180
121 590 16
460 131 342
322 345 303
660 625 286
238 605 133
77 267 259
264 322 286
512 654 28
343 72 329
76 581 230
222 49 454
259 457 259
479 536 190
64 191 75
210 511 22
353 335 415
141 21 58
217 343 334
572 351 244
534 642 337
186 372 293
297 303 457
669 361 82
544 248 158
138 243 333
696 569 160
217 448 98
103 632 408
403 237 99
187 296 147
205 137 99
632 395 293
686 680 255
11 582 98
54 470 215
538 381 231
214 486 128
207 74 242
544 620 307
391 371 253
431 680 184
384 519 369
16 111 24
401 397 88
538 236 456
15 77 83
156 222 426
334 331 75
669 60 435
585 143 301
624 521 243
490 77 107
143 405 74
165 381 125
204 165 51
372 92 416
427 692 96
191 441 279
542 159 11
143 314 145
496 235 85
60 484 448
132 41 184
373 667 269
98 550 95
368 53 344
115 118 286
78 110 312
462 63 342
561 112 35
445 431 190
638 102 375
486 499 355
604 50 178
570 398 219
690 217 351
442 663 42
507 668 49
229 83 133
122 127 109
496 456 18
568 269 123
517 534 453
365 553 357
169 696 379
152 394 215
281 554 78
126 141 429
489 99 357
541 536 160
96 22 425
91 143 221
495 353 418
224 512 222
600 13 252
615 13 343
564 114 391
583 316 305
144 19 450
110 8 27
477 177 120
79 109 153
464 394 88
213 257 377
586 115 285
219 614 307
587 307 356
420 685 50
369 3 413
132 249 148
649 465 150
44 395 154
576 691 90
638 295 105
306 394 151
215 580 69
109 65 22
167 591 200
310 84 123
25 82 377
407 278 65
135 237 422
121 505 41
49 116 372
80 238 289
86 211 398
299 632 41
510 261 3
96 201 169
187 226 268
10 361 222
121 618 416
267 138 228
86 322 265
69 173 165
536 539 293
22 570 83
519 408 79
27 144 102
46 538 135
86 583 386
140 619 307
256 222 23
550 76 38
219 34 205
479 317 334
94 88 99
665 444 383
26 472 404
374 504 149
192 125 36
565 667 55
358 683 212
474 412 35
661 168 220
297 267 233
280 205 245
265 159 442
241 230 169
16 429 371
7 566 411
676 619 413
182 606 382
147 159 101
111 214 78
171 101 240
62 660 294
411 530 408
564 468 217
291 32 85
128 646 204
456 307 26
54 434 322
347 420 37
700 14 340
59 382 206
647 683 413
486 462 311
617 326 328
46 104 446
233 423 77
675 344 204
69 73 162
509 274 28
222 101 433
593 477 31
333 602 250
85 201 107
86 114 68
36 277 276
369 142 456
82 87 323
444 530 175
48 203 48
70 678 196
641 378 179
236 186 418
398 217 310
421 491 288
256 690 103
299 628 156
599 417 357
472 32 210
606 391 78
127 522 327
475 491 235
330 418 84
23 357 367
61 18 26
262 125 34
307 398 342
329 330 59
516 58 386
2 598 231
478 165 308
477 313 153
500 485 276
281 405 92
195 59 33
622 502 391
694 3 382
305 642 40
68 34 152
59 430 31
424 225 135
279 189 239
601 697 438
212 128 394
253 620 206
568 664 147
73 222 120
365 670 358
540 556 12
192 252 242
247 484 325
599 115 97
466 653 259
90 33 315
427 306 316
238 217 109
207 248 312
616 106 288
444 450 137
544 263 127
86 29 338
68 632 341
144 398 280
607 575 357
215 607 5
497 498 326
631 307 15
392 98 116
446 437 1
601 397 223
31 115 329
640 280 100
254 72 347
556 466 13
351 120 209
334 32 187
544 356 216
234 123 11
174 393 344
288 162 240
375 357 60
532 397 374
606 652 311
130 605 36
202 638 67
632 7 405
595 253 318
155 434 60
124 675 452
563 650 379
236 63 256
219 145 246
353 509 329
427 669 404
435 61 234
300 438 16
232 260 98
693 441 150
662 534 67
113 413 2
244 577 358
134 53 195
373 99 249
178 83 167
513 92 365
586 698 408
360 29 272
312 267 378
130 494 350
204 643 267
689 549 425
11 561 235
33 439 435
555 342 5
39 121 16
170 248 231
188 143 213
26 222 285
100 121 436
442 9 423
356 195 431
216 598 20
607 412 125
409 127 308
652 141 312
247 107 94
322 94 354
124 214 283
198 565 428
581 431 19
24 287 345
578 399 208
637 570 248
643 618 425
683 494 386
587 679 172
18 558 45
400 677 456
317 458 223
358 404 397
642 200 342
248 328 251
399 626 431
517 65 102
404 164 16
575 351 420
99 110 227
597 243 208
615 244 92
637 284 401
359 672 307
31 391 223
487 577 349
660 575 308
521 649 21
258 545 399
6 195 415
578 192 361
157 301 203
105 4 188
639 505 184
383 191 169
662 414 33
166 403 53
574 364 90
333 44 298
480 608 351
687 87 311
101 80 324
322 693 80
71 274 184
627 56 92
439 640 99
93 32 348
336 111 415
160 510 336
227 528 123
249 40 97
236 354 270
383 413 161
664 93 41
187 366 134
22 100 18
631 619 452
136 544 123
266 627 304
263 615 50
552 104 175
56 141 313
504 352 207
540 473 101
134 464 225
178 672 204
605 132 358
624 330 254
145 583 288
366 281 215
403 273 17
8 511 383
390 355 307
670 433 374
55 77 259
58 467 446
22 640 185
315 480 44
262 297 380
544 384 57
504 295 317
267 69 442
161 446 166
626 686 36
163 180 183
291 331 246
419 286 370
21 62 281
152 131 251
314 190 326
487 631 240
238 331 339
571 667 93
387 35 418
241 549 62
428 359 87
211 529 140
430 391 407
69 461 380
514 628 276
253 406 418
471 451 398
681 203 173
58 164 129
611 134 126
189 654 352
453 371 348
65 318 286
157 208 322
655 593 101
364 270 327
274 546 277
515 111 420
459 610 287
560 509 89
67 223 417
468 284 253
197 442 22
569 385 435
328 423 282
418 431 43
429 145 301
613 72 130
304 432 340
412 177 127
244 595 317
214 13 99
340 65 273
574 186 59
19 17 381
627 292 22
6 611 259
634 318 340
196 373 279
197 220 342
289 299 17
436 456 49
3 431 386
26 686 272
297 654 417
118 472 154
337 615 248
229 593 398
288 109 132
53 419 37
382 427 110
348 207 189
168 637 373
497 281 372
597 294 9
229 348 63
393 422 333
17 498 127
91 279 46
532 439 227
648 172 427
613 422 84
46 295 373
317 95 243
410 585 134
693 638 340
290 35 40
532 550 240
310 166 276
203 344 455
574 185 332
565 227 359
523 19 334
111 151 331
285 508 222
159 455 415
277 546 100
683 611 229
9 490 95
231 159 358
126 435 396
71 502 322
128 424 414
20 238 197
167 73 140
4 445 421
49 284 282
411 469 202
112 380 445
221 54 393
573 193 282
363 619 14
267 306 319
14 541 243
551 180 435
620 101 125
21 629 390
244 248 342
173 196 233
20 152 200
104 213 333
14 387 185
519 657 20
427 697 48
391 34 94
491 155 99
7 670 248
261 519 111
328 2 109
237 440 326
517 6 220
620 527 150
355 181 408
543 172 126
185 386 4
503 277 254
529 598 443
453 630 8
534 417 62
458 182 55
594 116 120
633 490 26
468 38 166
65 504 430
546 499 97
503 394 22
585 335 370
324 485 411
553 143 173
296 180 163
684 389 314
443 679 257
226 45 407
212 488 349
659 577 101
326 16 380
143 634 130
682 610 286
229 446 64
132 583 386
314 214 317
208 229 419
650 388 262
248 444 387
500 597 90
40 662 221
58 581 98
350 671 123
162 228 364
224 543 82
316 397 83
245 17 55
248 299 64
654 91 441
323 325 38
380 146 146
422 538 48
94 640 429
509 339 383
465 606 150
228 462 158
587 513 437
344 621 255
57 226 184
620 209 111
424 571 382
223 181 430
233 347 220
234 36 381
396 283 54
421 210 66
520 575 370
478 683 377
561 405 234
463 285 171
123 478 244
530 370 448
380 487 95
509 111 1
556 392 135
99 232 423
82 3 124
585 276 290
653 462 318
675 106 150
289 699 295
108 409 337
510 363 218
368 54 178
208 437 78
522 609 374
10 247 298
305 603 258
288 343 426
132 678 141
467 315 143
394 249 240
481 129 247
399 328 241
519 594 179
534 669 394
297 280 225
45 682 196
524 419 177
263 393 71
632 217 225
12 655 21
312 209 207
534 524 63
385 539 78
134 57 342
81 500 345
531 528 54
502 498 105
306 169 140
568 620 144
588 509 410
163 666 226
646 229 153
44 501 241
332 469 130
279 382 108
29 253 397
278 682 283
513 688 409
473 499 453
44 388 413
585 184 399
517 233 13
665 240 353
587 249 81
187 116 302
405 53 222
546 565 176
505 537 5
508 456 407
125 694 159
274 422 221
41 119 13
539 478 295
223 89 233
688 664 7
104 581 355
447 319 426
395 464 333
324 74 358
108 399 5
418 19 356
232 305 456
26 438 248
334 231 113
459 586 305
169 17 278
193 143 124
292 183 381
260 60 74
180 521 124
680 679 293
553 447 343
516 53 275
517 284 235
95 288 2
83 680 258
465 165 203
106 523 441
158 64 407
452 531 163
71 315 88
374 182 80
311 456 440
277 584 174
472 266 35
675 270 27
448 234 331
124 493 138
107 111 268
418 526 79
661 280 100
204 405 300
205 172 436
513 428 113
669 253 303
174 51 294
601 325 243
380 182 201
123 339 427
418 471 215
495 637 209
334 309 72
171 245 175
335 228 216
594 291 264
160 130 400
144 401 402
382 491 228
456 387 31
431 549 160
369 60 393
560 521 36
7 664 364
563 686 177
640 267 357
367 413 236
163 28 339
383 697 113
243 660 362
118 256 212
567 255 99
680 494 93
201 290 391
38 65 431
131 587 260
26 521 332
562 583 142
300 50 191
440 79 87
544 478 444
313 190 280
219 130 199
201 435 324
493 81 380
478 27 239
540 50 286
250 90 91
379 472 438
67 132 372
59 682 53
315 516 368
500 486 115
101 59 141
197 322 419
518 210 64
612 649 285
171 453 298
389 390 294
541 521 210
410 61 410
581 626 120
431 639 403
549 14 298
506 358 149
478 452 125
9 179 449
119 312 335
620 149 380
213 537 87
561 571 84
588 635 204
700 29 312
666 413 237
540 604 349
243 580 215
100 219 65
230 500 251
359 376 28
451 517 359
478 568 52
44 360 217
231 564 28
237 401 407
284 49 334
431 450 149
640 438 111
77 496 93
42 239 73
460 338 226
279 608 285
371 375 314
503 300 220
86 252 407
380 679 260
346 499 313
240 172 163
614 168 133
412 284 221
694 240 146
203 385 294
521 504 330
629 609 246
11 172 291
450 634 277
269 22 389
62 119 54
6 97 82
45 623 29
264 490 269
193 260 359
175 156 37
342 329 311
254 517 300
93 355 417
476 365 146
520 187 127
595 587 179
381 349 103
249 29 260
461 592 24
207 156 127
40 193 259
122 542 370
198 667 419
469 657 252
453 252 189
201 19 38
622 171 153
555 230 373
206 586 239
444 465 207
102 221 194
432 643 88
381 675 76
254 488 199
75 317 358
458 399 134
366 268 392
518 377 399
614 376 181
84 687 42
656 88 90
431 464 383
95 574 175
509 166 372
205 671 137
283 359 311
120 123 335
435 10 133
636 233 209
23 39 449
568 121 451
696 46 226
509 23 174
370 511 307
30 543 185
650 669 140
62 286 227
120 234 305
543 106 194
157 443 199
638 44 330
646 586 58
435 179 142
60 13 248
117 349 422
580 237 76
317 67 290
657 214 143
395 379 237
697 565 134
682 669 400
20 100 23
594 449 439
118 275 157
38 58 147
263 320 120
105 148 441
583 225 29
54 335 373
40 127 374
352 689 231
498 125 275
25 635 297
687 199 270
625 509 84
526 323 69
546 3 80
268 542 371
494 241 342
385 579 411
668 638 341
464 452 313
429 228 412
362 153 454
551 147 38
437 287 286
40 413 137
630 648 233
374 343 221
10 637 381
224 556 271
233 538 138
16 166 298
471 624 312
644 390 108
203 254 65
683 168 153
223 243 288
151 630 274
483 658 378
118 613 57
547 319 263
216 323 189
227 553 37
531 12 12
520 463 351
110 693 403
648 208 448
351 95 427
501 366 115
353 386 241
121 432 30
653 439 149
180 628 252
118 673 142
399 579 300
539 377 293
699 89 163
119 686 182
249 366 365
111 266 296
450 441 121
450 559 210
234 256 360
660 356 243
73 646 324
531 170 144
113 303 380
115 63 9
280 104 456
578 211 432
62 480 401
478 92 227
467 272 360
285 489 328
586 588 59
113 546 110
590 12 136
183 462 233
684 49 433
117 464 172
45 489 243
485 226 406
693 269 223
415 353 69
471 435 454
313 81 298
97 140 107
187 407 138
391 504 153
52 298 197
189 391 59
645 577 383
460 55 320
557 479 191
158 157 305
500 238 84
463 26 399
178 342 353
89 593 325
145 679 134
475 440 119
293 657 10
223 336 56
425 297 113
354 385 122
136 212 38
602 308 120
123 68 376
18 168 340
36 223 213
682 195 151
379 562 377
3 430 131
262 393 59
651 580 247
281 500 156
434 440 363
344 688 13
534 37 288
592 220 301
575 493 340
218 169 177
634 529 450
28 96 112
11 24 454
565 263 163
473 215 153
92 197 451
494 575 165
479 647 446
486 639 255
161 562 285
74 373 287
38 642 176
310 167 323
348 494 437
349 579 189
151 219 319
157 669 68
302 349 358
663 469 250
30 34 451
280 87 74
572 573 105
276 226 40
426 307 4
257 184 158
565 477 305
257 424 150
433 291 26
313 382 47
519 247 357
387 462 244
669 262 51
671 550 448
194 166 73
35 320 323
661 354 362
221 53 390
114 81 47
351 662 186
407 640 181
12 112 66
33 221 260
396 407 308
382 248 344
239 593 419
225 163 197
357 434 298
531 283 365
107 323 280
474 578 158
256 555 172
402 662 263
171 558 223
210 520 372
62 211 97
303 207 33
451 334 229
325 643 161
660 652 385
295 449 253
301 170 230
297 237 196
194 362 302
303 188 422
450 640 126
607 532 120
56 375 189
554 302 430
203 504 143
149 140 303
44 86 313
651 198 83
437 549 142
637 305 305
432 176 441
90 479 365
489 417 36
16 575 401
93 393 442
153 22 306
63 274 151
340 38 174
198 204 250
8 590 171
686 194 128
281 606 382
122 474 240
124 458 22
323 582 250
518 148 21
60 20 457
189 514 68
66 335 6
554 606 376
631 426 106
102 266 7
652 171 120
639 113 235
362 239 295
382 234 78
185 686 241
58 676 224
683 117 25
228 350 258
398 176 254
86 84 184
648 560 287
362 126 379
515 214 115
186 192 410
114 293 62
282 351 241
512 624 10
305 214 369
89 33 148
554 125 256
694 610 131
166 111 218
573 549 324
441 604 391
388 445 361
484 444 264
432 223 112
50 610 51
515 413 127
184 314 55
5 692 111
619 558 327
12 426 173
450 517 417
542 86 195
71 183 382
399 474 196
572 504 302
441 208 398
630 162 293
226 60 340
482 146 406
374 492 175
601 88 159
237 227 71
33 302 252
566 112 11
676 528 303
73 573 101
334 259 120
632 300 188
562 277 301
147 698 205
197 644 394
313 243 230
128 437 15
93 189 425
185 68 308
350 654 238
442 503 170
449 335 1
321 562 352
126 319 223
153 236 283
515 38 225
351 352 252
632 522 347
17 572 360
622 165 427
269 643 76
532 149 397
641 471 248
39 391 191
332 403 100
172 338 146
190 49 86
617 491 213
191 344 247
449 105 291
406 132 394
658 287 435
129 385 210
576 700 289
296 654 11
133 223 70
372 185 16
209 617 418
582 284 59
584 587 298
159 229 86
348 162 434
611 402 182
666 457 32
56 534 405
524 157 1
139 121 5
324 75 271
220 356 63
103 570 90
80 617 336
210 334 379
29 650 285
670 680 113
485 88 270
13 155 323
621 198 80
548 389 264
623 648 296
75 174 330
297 248 450
170 630 173
696 616 383
217 433 271
146 633 240
189 497 214
536 401 380
535 363 329
349 180 124
20 94 307
46 140 211
202 248 32
105 350 425
253 600 164
289 7 143
250 382 8
141 685 97
578 647 308
351 619 207
570 102 273
502 599 363
140 64 196
198 700 39
552 128 417
239 522 144
311 233 311
385 645 47
632 536 277
101 533 346
564 325 215
177 205 5
361 376 368
592 396 104
676 225 187
219 630 43
221 156 338
24 584 180
407 433 354
154 215 314
173 25 12
527 452 37
408 360 201
141 600 188
313 468 185
576 292 292
228 639 194
581 61 283
662 42 435
320 79 59
362 515 30
520 683 184
116 148 452
525 678 126
581 678 89
216 184 271
551 682 439
113 272 426
665 483 105
632 106 91
561 441 221
45 257 156
411 193 128
693 437 256
530 121 354
569 294 268
643 298 100
682 332 117
187 614 433
78 251 16
64 235 384
543 407 259
693 294 244
586 288 38
676 564 127
457 492 107
95 540 185
350 353 281
99 601 1
150 695 27
134 200 417
282 193 427
360 11 351
123 569 213
70 96 119
678 533 222
555 346 412
59 273 203
580 661 80
467 52 187
433 196 226
508 664 162
492 399 362
678 498 234
479 147 289
464 20 240
185 80 194
413 651 146
199 272 31
454 670 143
297 678 96
651 467 317
390 645 271
479 64 445
447 636 271
233 288 439
361 507 5
87 447 178
109 35 420
388 424 273
424 661 217
480 391 423
667 621 232
462 27 47
512 554 286
340 627 207
107 664 11
680 614 277
515 433 328
186 89 122
149 83 155
98 199 457
481 693 284
616 280 91
104 674 23
254 236 415
469 348 30
640 568 226
273 65 233
311 700 128
483 518 125
11 175 410
74 447 363
330 5 167
648 482 416
81 39 318
599 467 59
463 227 357
500 543 355
301 538 108
140 262 12
507 269 268
269 102 395
20 198 74
409 291 336
266 322 37
340 461 78
332 619 346
533 256 408
357 594 203
225 27 164
189 586 67
393 453 330
173 347 326
46 27 212
85 393 219
12 95 279
381 519 127
33 38 336
207 499 127
399 83 269
94 601 358
700 44 108
208 563 42
540 595 222
123 351 111
530 409 72
566 507 120
200 672 50
244 7 295
119 47 352
691 598 382
564 200 226
547 304 24
217 35 412
185 599 439
38 19 23
43 683 155
27 302 19
543 196 166
36 560 392
700 527 267
148 316 450
371 45 340
10 317 186
471 94 238
643 505 96
476 606 130
628 67 348
223 681 115
278 332 230
137 694 177
103 563 312
34 22 122
162 67 115
94 36 109
521 536 248
589 365 211
355 590 170
28 338 386
341 559 28
586 324 254
674 400 369
637 65 63
202 77 105
605 365 14
367 255 29
669 289 60
428 401 389
601 257 180
693 171 450
605 473 380
608 611 427
280 64 201
405 655 188
9 174 279
47 610 442
29 51 146
505 261 44
289 174 129
588 262 325
680 63 153
627 344 250
256 288 436
663 430 447
585 171 261
561 47 451
191 259 334
160 189 189
178 308 12
107 358 207
515 143 77
296 695 84
206 350 79
29 341 3
178 561 29
513 498 204
164 149 68
75 443 75
537 500 225
41 383 86
479 405 164
299 563 255
306 12 111
243 319 266
286 161 176
17 262 105
606 448 269
220 445 268
538 115 235
152 133 231
261 621 168
136 404 255
107 171 34
400 281 431
662 577 107
403 606 255
392 611 149
449 630 365
411 187 50
135 227 308
496 221 173
253 404 36
571 665 140
365 592 86
662 329 287
72 369 29
5 527 131
64 197 27
427 27 256
619 596 199
304 596 102
123 610 32
362 470 269
288 541 67
539 5 305
660 187 300
115 690 145
495 312 376
484 47 429
400 86 157
147 217 188
552 325 435
82 507 34
649 319 13
43 88 47
214 351 133
601 534 231
105 423 329
69 126 199
129 313 411
112 479 142
151 534 399
172 377 410
213 457 366
451 434 195
414 592 85
345 469 258
700 167 138
518 346 349
150 320 398
189 304 210
567 177 158
353 77 396
353 107 334
75 425 46
336 513 87
133 281 131
262 281 383
374 231 457
15 446 398
475 246 111
648 174 233
443 570 426
443 404 122
84 312 74
486 636 299
430 47 429
552 660 16
38 643 115
478 600 292
650 222 173
457 60 307
100 546 208
699 557 320
311 521 361
158 120 212
510 626 220
15 657 384
622 683 37
257 547 295
555 388 149
58 180 190
77 120 340
539 181 136
100 689 232
307 377 436
241 375 104
439 332 129
521 389 457
285 532 252
447 171 195
141 194 388
576 45 158
280 538 385
230 475 238
411 682 384
454 524 284
366 328 417
42 386 413
657 347 306
317 626 129
46 432 144
194 73 441
654 563 285
651 252 89
167 318 293
260 108 53
356 501 420
619 431 441
123 146 116
415 170 156
515 376 264
38 41 340
539 500 374
172 397 380
213 642 199
564 33 107
213 61 257
587 448 355
164 407 29
641 4 455
647 252 100
425 69 152
119 653 104
261 189 182
637 304 60
50 362 69
547 56 411
270 689 20
123 538 454
679 19 358
404 63 419
117 258 291
359 247 345
360 403 263
123 657 339
421 354 427
445 518 109
484 124 39
472 262 382
99 671 171
336 59 387
409 283 371
466 284 16
616 454 36
693 145 318
487 118 356
549 247 125
509 624 245
383 417 298
258 48 119
207 87 215
84 348 317
509 267 47
347 458 386
114 467 242
277 133 57
262 475 128
134 428 162
137 152 417
525 479 44
194 91 75
394 521 80
569 125 234
532 375 245
663 305 101
134 575 405
318 168 431
602 511 207
624 667 323
436 364 39
434 563 399
349 644 350
27 278 215
634 562 430
212 282 79
216 221 171
508 299 44
397 273 310
418 31 339
570 640 39
518 608 155
636 166 280
673 531 314
514 655 374
138 636 68
181 364 138
698 70 193
2 625 21
60 197 358
669 455 329
48 415 265
696 603 303
556 432 210
508 9 311
571 691 376
122 668 165
331 410 327
513 579 230
498 51 143
81 89 71
295 107 345
105 339 440
33 414 143
531 651 447
36 326 315
681 416 245
96 634 42
224 559 83
465 573 336
542 9 288
447 207 394
506 649 383
603 109 169
1 435 171
366 501 28
187 424 290
297 568 20
540 492 318
431 699 448
424 555 311
578 340 341
228 333 266
121 87 293
396 673 437
55 6 250
537 259 15
643 295 184
478 667 310
689 200 256
211 380 70
380 669 285
127 688 251
368 471 344
177 187 139
210 188 307
233 101 283
529 560 309
508 313 119
329 460 336
266 607 378
226 92 43
214 399 394
430 696 24
323 516 348
556 158 305
404 467 132
120 566 257
615 445 302
30 13 233
92 548 80
128 21 456
64 205 10
461 175 366
192 114 117
391 434 447
146 216 399
367 151 404
668 24 277
60 57 284
155 637 221
542 123 281
466 256 177
393 32 229
620 161 287
267 587 431
501 249 411
1 397 435
110 25 51
369 417 395
480 172 9
152 697 167
623 164 281
482 630 451
85 357 122
486 86 316
514 197 159
509 303 15
36 129 98
476 88 46
313 362 203
226 669 108
8 472 418
85 214 6
488 630 167
195 650 52
380 572 280
143 490 379
593 401 273
611 306 30
653 521 74
375 365 57
640 700 314
129 3 231
458 627 151
83 602 286
635 25 177
48 93 87
686 433 433
94 104 254
581 505 269
269 145 147
397 476 71
634 202 375
114 465 5
682 442 91
296 241 4
535 540 144
520 154 370
229 483 391
11 176 242
694 151 144
577 509 144
348 573 161
654 606 2
480 583 448
438 224 73
458 41 124
179 205 206
253 366 8
457 403 335
366 183 448
276 155 370
406 436 339
45 652 404
617 27 373
393 228 247
454 557 349
530 642 357
656 585 88
548 591 417
398 370 171
238 109 384
132 442 192
315 138 410
354 630 4
117 10 295
211 77 250
617 449 211
93 49 375
351 327 54
611 607 59
320 569 93
248 198 200
527 320 13
530 420 12
640 364 278
414 523 425
511 525 125
488 140 283
242 306 314
98 600 223
348 56 408
173 10 439
289 483 42
329 654 171
100 643 15
622 615 39
426 678 55
156 117 209
692 39 23
51 345 114
269 306 299
378 368 436
1 42 210
699 63 418
370 459 90
558 648 300
393 640 304
502 98 292
358 360 102
31 402 194
324 424 264
679 504 204
645 312 91
180 174 410
315 679 372
27 113 119
543 503 84
67 454 440
575 472 60
346 275 100
431 606 402
510 518 19
331 295 177
558 618 227
154 372 190
285 436 436
209 599 271
161 142 421
398 635 430
609 520 89
4 588 130
314 484 61
98 409 293
266 323 8
400 107 155
364 436 9
57 62 142
111 247 215
403 38 278
177 622 271
596 255 180
559 501 239
248 357 92
636 406 96
393 92 143
638 406 47
469 671 341
128 613 310
502 505 84
57 175 350
403 407 362
479 128 425
319 110 344
361 347 369
303 536 85
641 697 194
55 203 377
423 676 15
560 567 228
529 609 130
619 468 67
13 637 238
30 549 111
489 191 236
487 668 250
201 371 1
510 199 199
458 284 374
97 692 417
612 262 104
650 520 108
501 410 377
144 638 237
145 388 436
674 520 159
680 597 197
399 639 446
535 585 453
97 549 227
699 81 131
207 552 379
43 571 49
172 75 71
341 434 457
324 414 6
294 385 247
399 492 116
127 555 56
662 290 171
406 374 234
448 56 336
486 544 255
178 241 135
435 290 37
698 126 109
383 184 300
438 317 170
666 682 297
151 38 1
580 126 346
618 457 121
505 42 100
157 700 437
52 601 359
98 427 133
65 548 98
340 476 426
512 101 320
70 77 452
336 382 100
277 493 275
425 428 13
353 95 110
246 532 176
318 417 312
343 636 403
524 453 241
555 214 84
518 478 393
478 561 132
425 587 357
375 98 346
391 170 224
54 55 99
468 495 146
227 265 167
614 497 281
200 687 319
592 81 310
240 582 371
246 310 18
338 47 312
88 656 232
624 476 70
491 599 425
240 379 326
367 328 414
332 299 243
407 347 58
101 284 88
103 322 112
382 16 435
145 200 205
623 493 190
660 601 381
644 451 43
407 200 188
264 170 336
620 293 81
659 697 167
536 300 17
534 267 73
254 568 104
108 400 234
633 444 10
657 198 95
568 359 360
140 338 110
695 316 307
609 699 254
431 262 283
24 111 173
26 287 211
155 177 418
448 165 137
212 70 407
628 226 281
288 542 139
481 473 261
491 249 368
418 315 454
166 531 42
459 615 274
278 185 367
26 142 98
192 186 306
122 311 316
208 285 217
583 358 104
470 15 148
155 186 87
329 119 257
558 689 151
310 612 30
103 629 257
136 159 242
336 239 18
49 368 437
590 238 300
51 628 370
642 455 134
7 644 298
223 338 82
443 88 219
617 629 388
245 348 421
606 206 212
636 41 355
673 17 358
505 647 96
237 14 114
344 515 309
398 122 454
348 91 392
610 290 322
168 465 330
42 32 80
354 270 154
444 614 214
119 50 303
180 182 300
643 566 36
571 181 398
511 676 302
627 583 240
23 136 195
404 212 150
117 541 264
12 305 192
51 131 383
235 686 84
328 102 48
421 29 437
433 583 289
207 524 209
334 188 256
440 448 427
48 101 442
322 498 98
455 668 212
508 400 402
623 608 25
57 281 226
679 402 378
169 93 389
295 66 357
212 485 103
416 392 346
309 499 387
476 466 196
41 155 299
541 544 203
235 93 59
91 167 374
654 464 122
645 544 55
380 506 253
383 276 275
483 305 81
47 656 56
43 489 265
421 593 13
206 409 259
413 19 338
137 28 81
670 246 407
468 554 128
140 63 221
514 236 284
436 8 140
679 124 182
607 483 392
369 27 255
97 126 313
153 188 406
223 92 139
548 19 6
397 675 217
180 21 271
436 481 403
75 457 139
75 675 408
63 534 133
10 494 314
391 31 186
528 111 296
394 663 384
663 41 97
509 90 124
662 254 219
60 405 19
666 245 64
578 19 72
672 687 451
461 593 44
106 390 289
164 400 378
200 218 57
96 144 387
115 108 189
244 178 422
523 308 396
428 183 246
452 317 161
385 364 252
23 444 229
355 522 126
651 73 447
615 408 140
84 190 125
236 678 43
605 395 51
92 577 191
438 637 206
130 290 96
114 159 113
479 296 60
353 171 328
636 594 406
342 375 234
491 229 282
273 298 100
472 129 415
600 220 163
591 576 153
349 524 115
578 673 41
600 3 91
467 12 131
415 468 144
336 373 178
201 88 208
329 19 220
607 320 384
529 160 243
574 653 453
421 579 356
644 204 377
172 609 185
358 230 360
268 250 110
252 471 65
390 86 228
698 515 165
679 114 91
312 36 174
240 513 236
439 99 249
521 144 67
443 531 48
137 159 391
191 340 109
233 344 160
305 123 141
240 262 80
402 109 207
367 269 163
5 400 227
305 430 303
262 513 308
191 421 326
641 274 70
137 66 194
1 243 72
609 390 324
682 52 282
633 264 395
299 524 296
212 283 240
504 340 48
582 435 411
486 356 286
34 381 110
217 139 456
237 674 450
418 28 362
515 502 134
310 22 427
512 333 57
333 143 196
45 283 368
69 527 133
486 503 390
134 450 210
436 680 437
459 132 15
331 268 239
24 42 414
479 522 415
483 591 337
16 292 60
697 627 174
455 679 304
166 478 362
535 277 71
539 1 23
189 530 324
320 687 268
174 36 438
451 609 456
178 411 249
182 499 381
18 624 71
475 289 205
477 141 115
371 544 23
464 398 101
83 106 181
161 239 62
547 411 47
33 255 240
342 99 197
163 386 4
644 424 391
470 260 189
298 13 354
245 258 289
84 640 262
160 230 196
568 227 447
52 60 8
434 595 216
106 617 21
592 25 336
576 296 279
261 642 30
320 508 396
232 526 207
532 308 434
281 541 136
270 540 272
201 309 454
630 614 306
495 191 235
631 73 31
337 181 278
84 508 418
670 543 93
415 628 198
18 675 60
367 497 81
361 458 163
233 451 56
118 215 313
614 274 85
657 253 413
626 580 152
536 356 53
404 476 198
230 516 419
562 690 437
246 139 271
302 246 30
693 466 247
307 651 442
474 262 241
677 67 24
309 473 306
572 383 419
630 45 316
177 581 131
615 699 167
119 438 155
543 304 25
360 31 381
12 696 210
396 69 383
242 641 269
184 663 75
663 1 249
622 575 337
578 645 225
259 638 399
357 382 366
485 393 161
379 154 181
109 269 101
365 474 263
112 393 42
241 157 381
645 647 412
297 553 228
118 659 413
640 415 298
604 576 116
328 369 69
330 419 23
132 235 271
109 349 326
408 88 380
262 452 259
169 323 68
356 265 407
491 174 152
431 313 451
362 80 388
36 273 136
203 182 200
206 673 83
171 634 14
243 665 401
264 50 308
448 319 104
692 82 95
530 341 427
566 575 117
588 35 386
419 376 198
321 402 293
296 525 275
82 482 439
320 377 16
448 430 152
637 372 140
139 105 219
655 511 95
554 238 399
4 195 363
614 12 46
248 523 69
544 72 82
283 28 369
585 652 279
141 285 264
286 123 172
234 641 216
41 66 357
598 366 32
613 91 49
287 461 237
694 7 417
307 259 183
555 463 7
538 397 233
480 567 268
409 343 187
231 160 71
178 44 454
161 108 333
453 102 90
429 511 68
535 488 28
356 151 117
642 511 94
634 421 45
291 151 323
87 347 312
605 356 94
698 582 378
509 549 64
607 426 299
629 110 257
461 386 160
248 199 245
122 634 357
527 323 152
291 117 244
25 385 449
552 70 226
64 681 76
418 101 203
604 339 52
107 269 18
90 335 113
589 641 433
420 604 310
591 87 234
8 190 54
498 536 418
445 255 105
383 81 194
670 488 342
358 414 265
469 233 241
640 651 79
290 150 258
696 358 12
41 402 79
193 255 128
502 99 143
173 691 65
659 668 182
589 483 451
271 468 332
679 24 205
58 29 344
262 99 286
246 100 249
272 473 1
585 260 261
570 432 20
454 17 357
183 487 217
101 584 285
445 306 249
450 370 360
379 344 343
342 332 173
496 374 397
426 251 181
264 658 18
542 197 22
549 527 162
139 632 14
54 629 260
435 501 406
254 667 269
295 292 94
223 488 333
408 615 183
405 635 455
542 84 149
622 230 15
26 270 167
147 44 390
97 71 398
614 492 456
101 567 235
483 196 385
345 579 52
623 51 321
240 511 234
369 221 218
314 293 245
155 358 263
483 85 319
466 7 369
269 466 278
474 522 243
365 169 105
257 543 88
171 614 389
451 246 23
125 499 377
141 622 24
473 248 259
327 237 284
284 363 130
39 697 451
391 28 335
244 295 419
59 513 43
360 582 286
14 457 161
272 626 217
572 677 380
259 482 257
522 548 309
389 619 82
447 467 407
285 276 63
45 99 178
529 670 97
96 11 18
622 653 292
92 616 204
437 201 119
40 211 120
521 542 299
78 213 37
543 373 26
671 320 330
468 155 268
275 403 200
136 597 13
217 697 289
431 540 257
246 427 432
398 335 82
17 308 395
129 554 258
369 493 64
497 176 344
280 426 454
527 310 107
487 431 440
469 672 152
454 550 287
312 123 390
226 370 426
224 237 251
367 439 182
280 687 404
203 89 410
475 476 426
187 64 254
480 54 227
179 457 449
27 571 420
174 318 38
621 473 294
269 452 249
92 67 149
365 155 84
41 381 130
627 425 229
194 261 243
31 480 421
89 105 392
400 396 166
571 23 454
314 52 373
632 39 257
26 634 251
562 536 380
10 301 344
57 270 15
296 220 55
529 559 245
628 6 25
606 224 444
19 560 291
113 445 79
149 343 313
208 253 78
85 585 190
71 597 414
416 490 394
90 241 362
661 236 318
280 265 254
82 414 413
304 549 455
285 8 129
251 17 196
342 475 176
549 209 384
18 389 233
457 9 351
20 331 298
594 570 41
121 572 74
122 561 56
673 167 151
485 449 253
325 2 312
202 148 394
230 352 248
242 246 233
373 608 263
599 150 84
86 79 234
161 356 338
659 229 92
311 64 271
313 417 401
497 396 353
232 549 276
429 501 370
638 365 296
675 485 352
434 439 44
87 595 359
34 605 373
146 3 82
313 530 249
352 142 179
667 601 7
450 621 228
375 340 153
621 92 31
349 489 390
75 111 444
388 363 276
83 533 262
151 573 224
272 687 205
288 335 127
602 152 297
271 660 365
207 384 265
57 280 69
203 348 141
276 126 408
248 579 227
669 663 271
106 545 153
355 405 113
245 455 119
184 639 317
125 541 21
367 172 121
98 477 453
280 232 410
227 675 247
531 617 164
691 112 322
430 4 171
322 661 50
89 646 409
30 17 287
609 549 133
349 204 452
413 183 316
100 440 314
248 289 390
230 337 383
413 453 258
72 591 200
359 564 67
418 583 390
277 535 17
240 645 222
460 32 208
465 608 395
446 23 81
529 159 270
270 225 181
674 454 128
699 299 453
202 321 144
294 219 238
668 460 161
372 573 44
565 116 258
658 310 418
125 168 424
474 577 57
500 163 330
445 182 272
483 127 151
49 67 183
105 689 197
307 141 373
310 106 354
594 225 177
578 16 48
282 597 368
580 284 85
531 480 427
142 249 23
435 113 90
678 31 447
225 499 51
246 61 26
543 57 359
467 320 360
656 339 260
650 305 64
634 154 366
689 285 224
464 667 312
514 554 112
185 206 146
132 523 281
28 390 442
671 298 367
15 215 55
657 50 456
437 416 236
555 261 436
648 267 369
613 7 160
463 74 163
196 52 391
403 97 351
116 366 322
191 198 16
618 574 290
603 142 348
647 307 61
110 183 400
271 94 170
239 608 262
519 626 297
524 676 44
283 542 348
657 599 303
694 508 374
129 436 357
309 272 331
167 596 188
527 302 157
115 204 369
679 274 166
86 316 57
561 26 292
527 175 50
166 163 294
665 4 326
648 76 327
596 386 243
372 340 42
86 590 361
530 16 256
658 93 189
696 344 447
346 299 79
348 603 17
24 43 313
387 113 407
135 297 256
528 625 27
357 105 250
676 132 423
92 592 342
128 25 225
185 216 391
115 411 299
667 70 347
67 28 344
430 32 321
216 617 103
435 394 319
491 669 251
57 22 52
664 106 125
115 670 119
202 271 92
444 324 416
248 317 317
28 523 167
432 542 299
362 333 296
435 571 368
511 364 263
169 605 265
352 491 253
461 519 68
671 660 244
174 148 298
267 684 306
513 692 58
291 88 141
511 509 438
629 58 100
189 499 111
279 491 122
118 561 35
447 581 350
610 190 414
196 347 63
215 489 288
658 688 110
383 695 398
385 60 284
319 355 425
145 63 277
157 324 14
433 690 205
565 249 156
179 434 72
218 468 347
338 158 226
38 75 186
520 672 259
283 144 290
500 548 423
448 51 272
388 683 321
187 11 338
507 123 265
10 229 93
637 466 197
360 354 57
697 541 200
344 17 358
468 641 213
201 648 302
608 216 132
536 655 454
243 175 69
483 636 12
283 446 351
390 684 140
489 275 323
362 547 181
118 545 125
112 172 342
294 530 91
499 604 8
261 325 250
446 551 82
1 360 153
99 304 178
290 311 307
341 152 250
208 84 186
260 533 105
284 281 21
231 2 47
605 614 93
308 151 243
492 404 137
383 327 211
59 373 419
422 427 58
150 44 368
41 639 229
247 386 93
104 148 300
685 190 147
488 371 327
6 559 296
389 195 333
146 118 214
541 591 245
52 3 258
34 530 7
3 159 145
477 522 448
641 136 74
477 416 140
460 344 156
44 261 276
689 248 243
201 600 120
4 61 445
585 122 228
30 165 299
430 601 281
345 691 328
201 553 440
219 134 354
63 367 389
524 285 3
263 203 384
212 431 362
583 104 28
231 599 68
34 241 277
237 461 4
236 85 272
42 366 263
348 575 69
293 234 116
389 369 172
465 139 108
142 603 93
166 75 411
363 90 219
290 470 56
330 97 302
593 151 222
149 401 3
45 650 369
652 438 285
