(precise)patrick@localhost:~/Desktop/C++/filesystem$ ./defrag ummyDisk 
Opening file: ummyDisk
SUCCESS
DEFRAGGING...
10000000000000000000000000000000000000000000000000000000000000000000000000000000000000000000000011111111111111111111111111111111
10000000000000000000000000000000000000000000000000000000000000000000000000000000000000000000000011111111111111111111111111111111
96 1
19000000000000000000000000000000000000000000000000000000000000000000000000000000000000000000000071111111111111111111111111111111
97 2
19900000000000000000000000000000000000000000000000000000000000000000000000000000000000000000000077111111111111111111111111111111
98 3
19990000000000000000000000000000000000000000000000000000000000000000000000000000000000000000000077711111111111111111111111111111
99 4
19999000000000000000000000000000000000000000000000000000000000000000000000000000000000000000000077771111111111111111111111111111
100 5
19999900000000000000000000000000000000000000000000000000000000000000000000000000000000000000000077777111111111111111111111111111
101 6
19999990000000000000000000000000000000000000000000000000000000000000000000000000000000000000000077777711111111111111111111111111
102 7
19999999000000000000000000000000000000000000000000000000000000000000000000000000000000000000000077777771111111111111111111111111
103 8
19999999900000000000000000000000000000000000000000000000000000000000000000000000000000000000000077777777111111111111111111111111
112 9
19999999990000000000000000000000000000000000000000000000000000000000000000000000000000000000000077777777111111117111111111111111
113 10
19999999999000000000000000000000000000000000000000000000000000000000000000000000000000000000000077777777111111117711111111111111
114 11
19999999999900000000000000000000000000000000000000000000000000000000000000000000000000000000000077777777111111117771111111111111
115 12
19999999999990000000000000000000000000000000000000000000000000000000000000000000000000000000000077777777111111117777111111111111
116 13
19999999999999000000000000000000000000000000000000000000000000000000000000000000000000000000000077777777111111117777711111111111
117 14
19999999999999900000000000000000000000000000000000000000000000000000000000000000000000000000000077777777111111117777771111111111
118 15
19999999999999990000000000000000000000000000000000000000000000000000000000000000000000000000000077777777111111117777777111111111
119 16
19999999999999999000000000000000000000000000000000000000000000000000000000000000000000000000000077777777111111117777777711111111
96 17
19999999999999999900000000000000000000000000000000000000000000000000000000000000000000000000000077777777111111117777777711111111
19999999999999999900000000000000000000000000000000000000000000000000000000000000000000000000000077777777111111117777777711111111
19999999999999999900000000000000000000000000000000000000000000000000000000000000000000000000000077777777111111117777777711111111
19999999999999999900000000000000000000000000000000000000000000000000000000000000000000000000000077777777111111117777777711111111
19999999999999999900000000000000000000000000000000000000000000000000000000000000000000000000000077777777111111117777777711111111
19999999999999999900000000000000000000000000000000000000000000000000000000000000000000000000000077777777111111117777777711111111
19999999999999999900000000000000000000000000000000000000000000000000000000000000000000000000000077777777111111117777777711111111
19999999999999999900000000000000000000000000000000000000000000000000000000000000000000000000000077777777111111117777777711111111
19999999999999999900000000000000000000000000000000000000000000000000000000000000000000000000000077777777111111117777777711111111
19999999999999999900000000000000000000000000000000000000000000000000000000000000000000000000000077777777111111117777777711111111
19999999999999999900000000000000000000000000000000000000000000000000000000000000000000000000000077777777111111117777777711111111
19999999999999999900000000000000000000000000000000000000000000000000000000000000000000000000000077777777111111117777777711111111
19999999999999999900000000000000000000000000000000000000000000000000000000000000000000000000000077777777111111117777777711111111
19999999999999999900000000000000000000000000000000000000000000000000000000000000000000000000000077777777111111117777777711111111
19999999999999999900000000000000000000000000000000000000000000000000000000000000000000000000000077777777111111117777777711111111
19999999999999999900000000000000000000000000000000000000000000000000000000000000000000000000000077777777111111117777777711111111
19999999999999999900000000000000000000000000000000000000000000000000000000000000000000000000000077777777111111117777777711111111
19999999999999999900000000000000000000000000000000000000000000000000000000000000000000000000000077777777111111117777777711111111
19999999999999999900000000000000000000000000000000000000000000000000000000000000000000000000000077777777111111117777777711111111
19999999999999999900000000000000000000000000000000000000000000000000000000000000000000000000000077777777111111117777777711111111
19999999999999999900000000000000000000000000000000000000000000000000000000000000000000000000000077777777111111117777777711111111
19999999999999999900000000000000000000000000000000000000000000000000000000000000000000000000000077777777111111117777777711111111
19999999999999999900000000000000000000000000000000000000000000000000000000000000000000000000000077777777111111117777777711111111
19999999999999999900000000000000000000000000000000000000000000000000000000000000000000000000000077777777111111117777777711111111
19999999999999999900000000000000000000000000000000000000000000000000000000000000000000000000000077777777111111117777777711111111
19999999999999999900000000000000000000000000000000000000000000000000000000000000000000000000000077777777111111117777777711111111
19999999999999999900000000000000000000000000000000000000000000000000000000000000000000000000000077777777111111117777777711111111
19999999999999999900000000000000000000000000000000000000000000000000000000000000000000000000000077777777111111117777777711111111
19999999999999999900000000000000000000000000000000000000000000000000000000000000000000000000000077777777111111117777777711111111
19999999999999999900000000000000000000000000000000000000000000000000000000000000000000000000000077777777111111117777777711111111
19999999999999999900000000000000000000000000000000000000000000000000000000000000000000000000000077777777111111117777777711111111
19999999999999999900000000000000000000000000000000000000000000000000000000000000000000000000000077777777111111117777777711111111
19999999999999999900000000000000000000000000000000000000000000000000000000000000000000000000000077777777111111117777777711111111
19999999999999999900000000000000000000000000000000000000000000000000000000000000000000000000000077777777111111117777777711111111
19999999999999999900000000000000000000000000000000000000000000000000000000000000000000000000000077777777111111117777777711111111
19999999999999999900000000000000000000000000000000000000000000000000000000000000000000000000000077777777111111117777777711111111
19999999999999999900000000000000000000000000000000000000000000000000000000000000000000000000000077777777111111117777777711111111
19999999999999999900000000000000000000000000000000000000000000000000000000000000000000000000000077777777111111117777777711111111
19999999999999999900000000000000000000000000000000000000000000000000000000000000000000000000000077777777111111117777777711111111
19999999999999999900000000000000000000000000000000000000000000000000000000000000000000000000000077777777111111117777777711111111
19999999999999999900000000000000000000000000000000000000000000000000000000000000000000000000000077777777111111117777777711111111
19999999999999999900000000000000000000000000000000000000000000000000000000000000000000000000000077777777111111117777777711111111
19999999999999999900000000000000000000000000000000000000000000000000000000000000000000000000000077777777111111117777777711111111
19999999999999999900000000000000000000000000000000000000000000000000000000000000000000000000000077777777111111117777777711111111
19999999999999999900000000000000000000000000000000000000000000000000000000000000000000000000000077777777111111117777777711111111
19999999999999999900000000000000000000000000000000000000000000000000000000000000000000000000000077777777111111117777777711111111
19999999999999999900000000000000000000000000000000000000000000000000000000000000000000000000000077777777111111117777777711111111
19999999999999999900000000000000000000000000000000000000000000000000000000000000000000000000000077777777111111117777777711111111
19999999999999999900000000000000000000000000000000000000000000000000000000000000000000000000000077777777111111117777777711111111
19999999999999999900000000000000000000000000000000000000000000000000000000000000000000000000000077777777111111117777777711111111
19999999999999999900000000000000000000000000000000000000000000000000000000000000000000000000000077777777111111117777777711111111
19999999999999999900000000000000000000000000000000000000000000000000000000000000000000000000000077777777111111117777777711111111
19999999999999999900000000000000000000000000000000000000000000000000000000000000000000000000000077777777111111117777777711111111
19999999999999999900000000000000000000000000000000000000000000000000000000000000000000000000000077777777111111117777777711111111
19999999999999999900000000000000000000000000000000000000000000000000000000000000000000000000000077777777111111117777777711111111
19999999999999999900000000000000000000000000000000000000000000000000000000000000000000000000000077777777111111117777777711111111
19999999999999999900000000000000000000000000000000000000000000000000000000000000000000000000000077777777111111117777777711111111
19999999999999999900000000000000000000000000000000000000000000000000000000000000000000000000000077777777111111117777777711111111
19999999999999999900000000000000000000000000000000000000000000000000000000000000000000000000000077777777111111117777777711111111
19999999999999999900000000000000000000000000000000000000000000000000000000000000000000000000000077777777111111117777777711111111
19999999999999999900000000000000000000000000000000000000000000000000000000000000000000000000000077777777111111117777777711111111
19999999999999999900000000000000000000000000000000000000000000000000000000000000000000000000000077777777111111117777777711111111
19999999999999999900000000000000000000000000000000000000000000000000000000000000000000000000000077777777111111117777777711111111
19999999999999999900000000000000000000000000000000000000000000000000000000000000000000000000000077777777111111117777777711111111
19999999999999999900000000000000000000000000000000000000000000000000000000000000000000000000000077777777111111117777777711111111
19999999999999999900000000000000000000000000000000000000000000000000000000000000000000000000000077777777111111117777777711111111
19999999999999999900000000000000000000000000000000000000000000000000000000000000000000000000000077777777111111117777777711111111
19999999999999999900000000000000000000000000000000000000000000000000000000000000000000000000000077777777111111117777777711111111
19999999999999999900000000000000000000000000000000000000000000000000000000000000000000000000000077777777111111117777777711111111
19999999999999999900000000000000000000000000000000000000000000000000000000000000000000000000000077777777111111117777777711111111
19999999999999999900000000000000000000000000000000000000000000000000000000000000000000000000000077777777111111117777777711111111
19999999999999999900000000000000000000000000000000000000000000000000000000000000000000000000000077777777111111117777777711111111
19999999999999999900000000000000000000000000000000000000000000000000000000000000000000000000000077777777111111117777777711111111
19999999999999999900000000000000000000000000000000000000000000000000000000000000000000000000000077777777111111117777777711111111
19999999999999999900000000000000000000000000000000000000000000000000000000000000000000000000000077777777111111117777777711111111
19999999999999999900000000000000000000000000000000000000000000000000000000000000000000000000000077777777111111117777777711111111
19999999999999999900000000000000000000000000000000000000000000000000000000000000000000000000000077777777111111117777777711111111
19999999999999999900000000000000000000000000000000000000000000000000000000000000000000000000000077777777111111117777777711111111
19999999999999999900000000000000000000000000000000000000000000000000000000000000000000000000000077777777111111117777777711111111
19999999999999999900000000000000000000000000000000000000000000000000000000000000000000000000000077777777111111117777777711111111
19999999999999999900000000000000000000000000000000000000000000000000000000000000000000000000000077777777111111117777777711111111
19999999999999999900000000000000000000000000000000000000000000000000000000000000000000000000000077777777111111117777777711111111
19999999999999999900000000000000000000000000000000000000000000000000000000000000000000000000000077777777111111117777777711111111
19999999999999999900000000000000000000000000000000000000000000000000000000000000000000000000000077777777111111117777777711111111
19999999999999999900000000000000000000000000000000000000000000000000000000000000000000000000000077777777111111117777777711111111
19999999999999999900000000000000000000000000000000000000000000000000000000000000000000000000000077777777111111117777777711111111
19999999999999999900000000000000000000000000000000000000000000000000000000000000000000000000000077777777111111117777777711111111
19999999999999999900000000000000000000000000000000000000000000000000000000000000000000000000000077777777111111117777777711111111
19999999999999999900000000000000000000000000000000000000000000000000000000000000000000000000000077777777111111117777777711111111
19999999999999999900000000000000000000000000000000000000000000000000000000000000000000000000000077777777111111117777777711111111
19999999999999999900000000000000000000000000000000000000000000000000000000000000000000000000000077777777111111117777777711111111
19999999999999999900000000000000000000000000000000000000000000000000000000000000000000000000000077777777111111117777777711111111
19999999999999999900000000000000000000000000000000000000000000000000000000000000000000000000000077777777111111117777777711111111
19999999999999999900000000000000000000000000000000000000000000000000000000000000000000000000000077777777111111117777777711111111
19999999999999999900000000000000000000000000000000000000000000000000000000000000000000000000000077777777111111117777777711111111
19999999999999999900000000000000000000000000000000000000000000000000000000000000000000000000000077777777111111117777777711111111
19999999999999999900000000000000000000000000000000000000000000000000000000000000000000000000000077777777111111117777777711111111
19999999999999999900000000000000000000000000000000000000000000000000000000000000000000000000000077777777111111117777777711111111
19999999999999999900000000000000000000000000000000000000000000000000000000000000000000000000000077777777111111117777777711111111
19999999999999999900000000000000000000000000000000000000000000000000000000000000000000000000000077777777111111117777777711111111
19999999999999999900000000000000000000000000000000000000000000000000000000000000000000000000000077777777111111117777777711111111
19999999999999999900000000000000000000000000000000000000000000000000000000000000000000000000000077777777111111117777777711111111
19999999999999999900000000000000000000000000000000000000000000000000000000000000000000000000000077777777111111117777777711111111
19999999999999999900000000000000000000000000000000000000000000000000000000000000000000000000000077777777111111117777777711111111
19999999999999999900000000000000000000000000000000000000000000000000000000000000000000000000000077777777111111117777777711111111
19999999999999999900000000000000000000000000000000000000000000000000000000000000000000000000000077777777111111117777777711111111
19999999999999999900000000000000000000000000000000000000000000000000000000000000000000000000000077777777111111117777777711111111
19999999999999999900000000000000000000000000000000000000000000000000000000000000000000000000000077777777111111117777777711111111
19999999999999999900000000000000000000000000000000000000000000000000000000000000000000000000000077777777111111117777777711111111
19999999999999999900000000000000000000000000000000000000000000000000000000000000000000000000000077777777111111117777777711111111
19999999999999999900000000000000000000000000000000000000000000000000000000000000000000000000000077777777111111117777777711111111
19999999999999999900000000000000000000000000000000000000000000000000000000000000000000000000000077777777111111117777777711111111
(precise)patrick@localhost:~/Desktop/C++/filesystem$ 
